item_id
98838372
98838373
98838885
98838886
98840284
98841328
98841329
98841330
98841331
98841333
98841377
98842930
98842932
98842933
98842937
98842940
98842941
98847553
98850605
98850606
98850618
98850619
98850620
98850621
98850622
98850851
98850857
98851127
98851130
98851131
98851767
98852136
98852363
98852879
98852880
98853084
98853086
98853087
98853803
98853811
98853813
98857563
98857615
98857620
98857621
98857623
98857624
98857625
98857626
98857627
98857628
98857629
98857634
98857641
98857642
98857643
98857644
98857646
98857647
98859359
98859366
98859367
98859722
98859939
98859940
98859942
98859943
98859944
98859945
98859946
98859947
98859949
98859962
98859963
98859964
98859965
98859966
98859974
98860004
98860005
98860361
98860365
98860498
98860849
98860851
98860853
98860890
98862667
98863435
98863437
98865142
98865146
98865147
98865148
98865149
98865157
98865158
98865159
98865160
98865161
98865162
98865163
98865277
98865463
98865897
98865914
98865915
98865916
98865918
98865919
98866426
98867521
98867981
98868608
98868609
98868610
98868611
98868614
98868615
98868616
98868617
98868618
98868619
98868620
98868621
98868623
98868624
98868625
98868626
98868627
98868628
98868629
98868630
98868631
98868632
98868634
98868635
98868636
98868637
98868638
98868639
98868640
98868931
98868932
98868933
98868934
98869142
98869147
98869148
98869341
98869578
98869587
98869600
98869603
98869605
98873566
98873870
98873979
98874113
98874136
98874680
98877378
98881299
98881877
98881881
98881886
98882223
98884481
98884485
98886547
98888921
98888924
98888926
98888928
98888930
98888931
98888933
98888935
98891154
98891155
98891156
98891157
98891158
98891162
98891163
98891166
98891169
98891171
98891172
98891173
98891174
98891175
98891176
98891177
98891178
98891179
98892753
98892755
98892757
98892758
98892759
98892792
98894843
98894845
98895575
98895580
98895581
98895582
98898347
98898370
98898426
98899717
98900637
98900827
98900828
98900829
98900830
98900831
98900832
98900833
98900834
98900835
98900836
98900837
98900838
98900839
98900840
98900841
98901513
98901516
98901517
98901520
98902987
98905187
98905669
98905677
98905678
98905680
98905681
98905682
98905734
98905736
98905737
98905830
98905834
98905835
98905836
98905837
98905840
98905841
98905844
98905845
98905941
98905944
98905945
98905948
98905949
98905951
98905952
98905955
98905957
98905959
98905960
98905961
98905965
98905967
98905968
98905969
98905970
98905971
98905972
98905973
98905974
98905976
98905977
98905978
98906038
98906040
98906041
98906042
98906043
98906045
98906048
98906049
98906050
98906054
98906055
98906057
98906058
98906060
98906097
98906102
98906103
98906104
98906167
98906276
98906279
98906280
98906281
98906282
98906283
98906284
98906292
98906294
98906295
98906296
98906297
98906298
98906299
98907115
98908068
98908071
98908077
98908080
98908102
98909525
98912698
98916479
98917517
98920107
98920116
98920746
98920911
98920912
98924251
98924252
98925506
98927199
98928111
98928188
98931173
98931174
98931177
98931178
98931180
98931181
98931182
98931183
98931403
98931482
98931533
98931671
98931683
98931733
98933262
98933287
98933591
98933727
98936725
98936746
98938977
98939115
98940381
98940898
98940901
98940902
98941228
98941231
98941916
98941918
98941999
98943046
98943683
98944468
98944473
98945731
98945744
98948528
98948529
98948929
98952916
98952917
98952918
98952921
98952925
98952926
98954225
98954226
98954228
98954229
98954230
98954262
98954280
98960519
98960840
98962095
98965165
98965301
98965303
98965317
98965350
98965595
98965598
98965599
98965609
98965636
98965674
98965678
98965693
98965828
98966670
98967547
98967869
98967870
98968169
98969375
98969378
98969400
98969846
98969847
98969848
98969856
98969857
98969867
98969870
98969886
98969889
98969891
98972107
98972820
98974234
98974235
98974237
98974241
98974530
98974535
98974536
98974537
98974542
98974545
98974557
98974558
98974559
98974560
98974561
98975920
98976033
98976035
98976755
98976761
98977637
98977684
98979041
98979043
98979045
98979052
98979056
98979057
98979058
98979059
98979060
98979979
98979998
98980917
98980920
98980934
98981673
98982828
98982891
98982952
98983662
98986070
98986143
98989762
98989793
98991218
98991229
98991232
98992120
98993059
98994636
98998445
98998451
98998453
99000031
99005238
99007372
99007373
99007374
99007376
99007654
99008048
99008052
99010440
99011125
99011130
99011133
99011136
99011275
99011297
99011300
99011346
99011358
99011379
99011392
99011409
99011430
99011431
99011432
99011434
99011435
99011436
99011437
99011540
99011583
99011589
99011594
99011595
99011597
99011602
99011603
99011604
99011606
99011608
99011609
99011612
99011615
99011639
99011640
99011654
99011687
99011706
99011719
99011742
99011744
99011767
99011782
99011796
99011812
99011820
99011830
99011835
99011851
99011861
99011865
99012257
99012284
99012447
99012829
99012830
99012835
99012837
99013542
99017295
99017296
99017297
99017298
99017299
99017300
99017302
99017303
99017557
99018175
99018742
99019882
99019972
99019980
99020172
99020341
99020348
99021436
99022911
99022927
99022936
99022937
99023556
99023574
99023590
99023827
99023890
99023899
99024134
99025127
99025300
99025302
99025303
99025306
99025308
99026133
99027789
99027804
99028658
99029007
99029008
99030053
99033123
99033584
99033669
99035053
99035057
99035058
99035059
99038877
99038879
99038880
99038881
99040817
99041249
99041250
99041251
99041568
99041821
99041822
99042408
99044026
99044028
99046257
99046258
99046286
99046288
99046399
99048171
99048175
99048177
99048178
99048179
99048180
99048181
99048596
99048606
99048609
99048611
99048614
99048619
99048622
99048647
99048648
99048664
99048666
99048842
99048843
99048844
99052229
99052231
99052234
99052236
99052305
99052499
99054880
99054938
99054958
99054967
99054970
99055368
99055548
99055559
99055560
99055570
99056870
99058917
99059540
99059845
99060403
99061263
99061272
99061273
99061274
99061275
99061276
99061277
99061278
99061279
99061280
99061282
99062626
99062627
99063251
99063253
99063255
99063257
99063259
99066079
99066613
99066939
99066940
99066948
99066949
99066954
99069390
99072942
99077098
99077702
99077703
99077704
99077705
99077706
99077708
99077748
99077750
99079757
99082367
99083547
99083573
99087606
99087607
99087608
99087609
99087610
99087611
99087612
99087613
99087751
99088313
99088690
99088691
99089501
99089502
99089503
99089504
99089505
99089506
99089507
99089508
99089509
99089510
99089511
99089512
99089513
99089514
99089639
99089640
99089641
99091543
99091544
99091545
99091546
99091547
99091736
99091737
99091738
99092286
99092287
99092288
99092289
99092290
99092291
99092292
99092293
99092294
99092321
99094620
99095098
99095102
99095104
99095105
99095107
99095110
99095111
99095114
99095121
99095124
99095130
99095134
99095135
99095157
99095176
99095186
99095195
99095196
99095211
99095213
99095215
99095217
99095219
99095221
99095229
99102118
99102121
99102122
99102123
99102124
99104172
99106160
99106162
99107326
99107965
99108268
99108269
99108270
99108271
99108272
99108273
99108274
99108275
99108276
99108278
99108279
99108280
99108281
99108282
99108283
99108284
99108285
99108286
99108288
99108289
99108290
99108291
99108292
99108293
99110199
99110200
99110201
99112366
99114425
99114426
99114427
99114428
99114429
99114430
99116230
99116232
99116291
99116292
99116293
99116294
99116295
99116296
99117503
99117630
99123392
99125373
99126578
99126650
99126666
99127089
99127090
99127091
99127093
99127630
99130071
99130482
99130864
99130869
99130874
99131964
99132959
99133809
99135257
99138695
99139199
99139230
99139463
99141380
99141382
99141387
99141461
99141486
99141587
99141593
99141598
99141600
99141601
99141605
99141609
99141611
99142930
99146019
99146024
99148376
99149771
99149939
99149940
99149941
99154756
99158152
99158154
99158435
99158492
99159034
99159111
99159188
99159197
99159331
99159341
99159351
99160645
99160646
99160648
99171826
99173584
99173654
99176900
99178975
99178980
99181398
99181409
99182540
99182541
99182542
99182544
99182546
99182548
99182570
99182579
99182596
99182599
99182601
99183302
99183524
99183664
99183742
99183743
99183806
99185564
99186305
99186419
99187327
99187647
99187880
99187884
99191225
99193472
99194206
99195177
99195179
99195180
99195720
99196793
99199646
99199650
99199652
99199654
99202556
99203097
99203100
99203495
99203632
99204817
99204841
99211355
99211811
99211836
99211968
99212724
99212725
99213456
99213457
99213458
99213459
99213460
99213462
99213463
99213492
99214606
99214731
99215600
99218841
99218986
99221960
99221962
99222587
99222616
99223109
99223112
99223113
99225181
99226531
99226567
99226593
99226598
99226600
99229477
99229478
99229690
99229711
99230597
99232021
99232805
99232974
99234995
99236441
99236442
99236443
99236444
99236456
99237217
99239928
99246279
99246280
99246281
99246754
99246763
99246766
99246767
99247090
99247091
99247095
99247098
99247111
99247359
99247908
99247909
99247910
99248391
99248415
99248465
99248482
99248557
99248565
99248588
99248613
99248622
99248631
99248637
99248648
99248654
99248656
99248659
99248663
99248665
99248671
99248680
99248695
99248715
99248720
99248723
99248725
99248728
99248730
99248736
99248738
99248746
99248748
99248752
99248756
99248761
99248763
99248765
99248766
99248768
99248769
99248770
99248771
99248773
99248777
99248780
99248781
99248782
99248783
99249087
99249093
99249692
99249693
99249694
99249696
99249697
99249698
99249700
99249701
99249702
99249703
99249932
99250259
99250452
99250453
99250454
99250455
99250456
99250457
99250458
99250470
99250471
99250475
99250476
99250481
99250482
99250483
99250484
99250485
99250486
99250487
99250489
99250490
99250495
99250496
99250497
99253701
99253707
99253709
99253714
99253715
99253716
99253717
99253815
99253816
99253976
99255740
99256490
99257007
99258068
99258069
99258070
99258071
99258072
99258073
99258074
99258075
99258076
99258077
99258078
99258079
99258081
99258082
99258087
99258088
99258093
99258094
99258095
99258097
99258745
99258749
99258752
99258761
99258762
99258765
99258803
99258806
99258820
99258823
99258825
99258837
99258845
99258854
99258856
99258858
99258866
99258867
99258870
99258872
99258878
99258895
99258906
99258908
99258912
99258913
99258914
99258917
99258920
99258921
99258923
99258924
99258928
99258947
99258951
99258953
99258955
99258956
99258957
99258960
99258966
99258968
99258970
99258975
99258976
99258977
99258978
99258979
99258980
99258981
99258983
99258984
99258985
99258986
99258987
99258988
99258996
99259000
99259002
99259003
99259004
99259005
99259006
99259008
99259009
99259013
99259014
99259015
99259016
99259018
99259021
99259046
99259048
99259049
99259060
99259062
99259071
99259683
99259684
99261149
99261150
99262862
99262864
99262868
99262975
99262994
99263000
99263067
99263183
99263242
99263244
99271451
99274311
99274315
99274317
99274319
99274321
99274335
99274337
99274346
99274348
99274353
99274354
99274355
99274356
99274357
99274361
99276458
99276462
99276464
99276465
99276466
99276471
99276472
99276473
99276474
99276478
99276479
99276480
99276481
99276482
99276483
99276484
99276485
99276487
99276488
99276489
99276490
99276491
99276492
99276493
99276494
99276495
99276496
99276497
99276498
99276499
99276500
99276501
99276502
99276503
99276504
99276506
99276507
99276508
99276509
99276511
99276513
99276514
99276516
99276517
99276519
99276520
99276521
99276524
99276526
99276527
99276528
99276530
99276531
99276532
99276537
99276538
99276545
99276547
99276548
99276549
99276550
99276551
99276552
99276553
99276554
99276555
99276559
99276560
99276562
99276563
99276564
99276565
99276566
99276567
99276568
99278571
99278579
99278596
99278597
99278598
99281073
99286048
99287211
99289133
99289134
99289373
99289397
99292842
99292866
99294839
99294840
99298056
99300242
99303378
99309718
99311753
99312006
99312007
99312008
99312009
99312010
99315155
99315156
99315157
99315369
99315370
99315371
99315372
99315373
99315374
99315375
99315376
99315566
99315567
99315568
99317652
99317653
99317654
99317655
99317656
99317772
99317774
99317775
99317776
99317778
99318523
99318963
99318965
99319344
99319838
99319839
99319966
99319967
99322794
99322822
99327959
99330113
99330579
99330580
99331864
99331867
99333169
99333172
99333754
99338367
99338423
99338437
99338444
99338446
99340315
99340316
99340317
99340318
99342111
99344444
99346900
99346901
99348167
99348168
99348169
99348170
99348171
99348172
99349127
99349128
99349129
99349130
99350447
99350448
99350449
99350450
99350451
99350452
99350453
99350454
99350455
99350456
99350514
99350516
99350517
99350518
99350519
99354738
99354741
99354755
99354781
99354786
99354824
99354826
99354844
99354852
99355450
99355451
99358327
99358328
99358357
99358440
99358441
99358442
99358589
99359280
99359960
99359991
99360172
99360648
99360705
99360759
99361011
99361033
99361514
99361516
99361517
99361518
99366156
99366537
99366538
99368661
99368662
99370030
99370031
99371283
99371284
99371285
99371286
99371287
99371873
99376283
99376284
99376286
99376288
99376290
99376291
99376292
99376297
99376556
99376580
99376582
99376612
99376614
99376622
99376670
99376740
99376748
99377069
99377384
99377397
99377594
99377598
99378526
99378541
99378559
99378561
99378574
99378585
99378600
99378612
99378614
99379381
99379395
99379412
99381469
99383539
99383540
99385068
99385070
99385072
99385073
99385074
99385456
99385457
99385611
99385779
99385780
99385781
99385782
99386028
99386562
99386563
99386565
99386566
99386572
99386573
99386574
99386597
99386604
99386605
99386609
99387911
99387912
99387913
99387915
99387916
99388177
99388252
99392258
99392448
99395224
99395226
99395228
99395229
99395733
99395734
99395737
99395797
99395799
99396602
99396603
99396604
99396605
99396606
99398960
99399017
99400125
99400127
99400129
99400131
99400133
99400188
99400980
99400981
99401405
99401408
99403614
99403615
99403616
99403617
99403618
99403996
99404008
99404009
99404012
99404020
99404031
99404037
99404038
99404049
99404060
99404061
99404072
99404080
99404318
99404320
99404321
99404323
99404324
99404327
99404329
99404330
99404331
99404333
99404336
99404338
99404342
99404344
99404345
99404348
99404377
99404383
99404385
99404387
99404577
99404585
99404588
99405900
99405903
99405995
99405996
99408332
99408911
99408912
99408913
99408933
99408935
99408936
99408997
99409835
99409837
99409838
99409839
99409840
99409841
99409842
99409843
99409844
99410828
99411103
99411104
99411105
99411106
99411107
99411109
99411111
99411112
99411115
99411116
99411126
99411146
99411148
99411523
99412011
99412013
99412184
99412274
99412275
99412338
99412400
99415612
99415613
99415614
99415838
99415841
99415844
99415846
99418905
99419093
99419094
99419095
99419097
99419100
99419102
99419103
99419199
99419200
99419201
99419202
99419203
99419251
99419296
99419297
99419298
99419356
99419738
99420893
99423166
99430140
99432810
99433168
99433170
99433171
99434801
99434802
99435400
99435401
99435402
99435693
99435819
99435969
99435978
99440424
99440425
99440426
99440427
99440428
99443664
99445601
99445996
99446860
99447759
99447996
99447997
99448054
99452955
99452966
99452983
99452999
99453011
99454714
99454766
99454799
99454802
99454804
99455876
99455961
99457415
99458844
99458845
99458903
99459729
99461050
99461116
99462508
99462630
99462693
99462694
99462695
99462880
99462881
99462882
99463833
99463838
99463856
99464371
99464481
99464484
99465614
99466923
99471791
99473660
99474742
99474743
99474745
99475552
99475554
99475556
99478296
99478299
99482916
99484532
99484562
99484569
99484592
99484601
99484629
99484797
99484801
99484802
99484889
99484890
99484900
99484905
99484916
99485094
99485095
99485097
99485098
99485101
99485102
99485104
99485106
99485117
99485118
99485203
99485514
99485515
99485517
99485518
99485519
99485815
99486228
99486257
99486258
99487461
99487463
99487465
99487466
99487467
99490208
99490210
99490211
99490214
99491284
99491285
99491607
99492323
99492584
99494409
99494795
99495415
99495884
99495885
99496666
99496704
99498726
99499813
99501028
99501602
99501635
99501694
99505922
99505925
99506298
99506328
99508792
99508807
99510346
99512967
99512969
99512970
99514410
99514414
99514416
99514953
99514954
99514955
99519027
99520628
99520630
99520631
99520634
99520635
99520636
99525105
99525238
99525245
99525246
99525247
99525248
99525249
99525251
99525252
99525253
99525626
99525627
99525628
99525630
99525632
99525635
99525639
99525648
99525674
99525675
99525676
99525911
99525912
99525913
99525915
99525916
99526247
99526791
99526802
99527173
99527219
99528218
99528225
99528313
99528315
99528316
99528318
99528426
99528492
99529348
99529415
99529416
99529442
99529443
99531610
99531611
99531615
99532528
99532529
99534215
99534547
99535861
99536013
99536014
99536015
99536117
99536135
99536137
99536138
99536139
99536140
99536374
99536375
99536376
99536377
99536378
99536620
99538666
99539787
99539789
99543052
99543068
99543069
99543070
99543071
99545392
99545498
99545499
99545500
99545501
99545502
99545503
99545504
99545505
99545506
99545507
99545508
99545509
99545510
99545511
99545512
99545513
99545514
99545515
99546286
99547048
99547783
99551658
99551695
99552281
99552282
99552283
99552284
99552285
99552447
99552455
99553270
99553517
99553627
99554354
99554355
99554356
99554357
99554399
99554400
99554401
99555293
99555313
99555622
99555804
99555807
99555808
99555809
99555813
99555814
99555815
99555816
99555823
99555824
99556368
99556372
99556380
99556381
99556442
99556511
99556561
99556601
99558468
99558491
99558517
99558544
99558546
99558577
99558726
99558727
99558748
99558749
99558801
99558815
99558817
99558818
99558819
99558822
99558829
99558833
99559943
99560180
99560181
99560880
99560881
99560882
99560883
99560884
99560885
99562203
99562447
99562758
99562759
99563370
99563474
99564231
99564408
99565403
99568603
99568784
99570338
99570341
99570344
99570411
99570414
99570450
99570467
99570578
99570613
99570616
99570618
99570730
99570771
99570802
99570817
99570852
99570862
99570890
99570969
99571085
99571306
99571311
99571436
99571498
99571674
99571675
99571676
99571677
99571678
99571679
99571680
99571681
99571682
99571683
99571684
99571685
99571833
99571837
99571839
99571841
99571844
99571847
99571849
99571851
99571853
99571855
99571859
99571860
99571863
99572129
99572131
99572256
99572257
99572258
99572259
99572260
99572261
99572262
99572411
99572412
99572414
99572466
99572469
99572581
99572582
99572594
99572604
99572611
99572635
99572654
99572657
99572672
99572674
99572677
99572678
99572727
99572893
99572894
99572895
99572896
99572898
99573003
99573068
99573069
99573075
99573391
99573395
99573406
99574742
99574743
99574746
99574747
99574748
99574749
99574751
99575084
99575088
99575090
99575304
99575305
99576451
99576598
99576787
99576856
99577000
99577027
99577035
99577036
99577051
99577055
99577056
99577067
99577087
99577570
99577720
99578085
99578701
99578799
99579238
99579240
99579241
99579242
99579436
99579457
99579467
99579525
99579599
99579735
99580291
99580306
99580310
99580317
99580328
99580382
99580530
99582009
99582010
99582011
99582012
99582013
99582014
99582015
99582016
99582017
99582018
99582019
99582020
99582021
99582022
99582023
99582024
99582025
99582026
99582027
99582028
99582029
99582030
99582031
99582032
99582033
99582034
99582035
99582036
99582037
99582038
99582039
99582040
99582041
99582042
99582043
99582044
99582364
99582366
99582374
99582414
99583092
99583291
99584584
99585417
99585543
99585544
99585545
99585648
99585650
99586440
99586511
99587879
99587880
99588626
99589061
99589064
99589071
99589074
99589075
99589076
99589077
99589078
99589079
99589080
99589082
99589090
99589091
99589092
99589093
99589094
99589098
99589105
99589106
99589107
99589113
99589115
99589116
99589117
99589118
99589119
99589120
99589121
99589122
99589123
99589124
99589125
99589126
99589127
99589128
99589132
99589135
99589136
99589137
99589309
99589310
99589927
99591723
99591859
99593229
99593233
99593234
99593235
99596400
99596402
99598091
99598092
99598093
99598096
99598097
99598102
99598409
99598411
99598412
99599223
99599432
99599433
99599577
99599579
99599580
99600234
99600246
99600247
99600248
99600249
99600250
99600251
99600252
99600253
99600285
99600290
99600336
99600374
99600375
99600377
99602736
99603484
99603485
99604067
99604068
99604269
99604270
99604271
99604272
99604273
99604274
99604276
99604408
99604410
99604411
99604412
99604413
99604416
99607373
99608659
99609574
99609575
99609576
99609577
99609578
99612654
99612655
99612656
99612657
99612658
99612659
99613925
99615183
99615228
99615242
99615261
99615308
99615562
99615569
99615574
99615578
99615581
99618794
99618795
99618796
99618797
99618798
99618799
99618800
99618801
99618802
99618803
99618804
99618805
99618806
99618807
99618808
99618809
99620305
99620424
99620425
99620426
99620427
99620428
99620432
99620433
99620434
99620435
99620436
99620437
99620438
99620439
99620672
99620674
99620676
99620685
99620690
99621596
99621597
99621598
99621989
99627393
99628757
99628758
99628759
99628760
99628871
99629340
99629420
99629423
99629425
99629426
99629427
99629428
99629429
99629533
99629540
99629542
99629544
99629547
99629549
99629557
99630099
99630170
99630320
99631938
99631942
99631943
99632168
99632169
99632170
99632171
99632172
99632173
99632310
99633002
99633003
99633006
99633007
99633008
99633009
99633010
99637091
99637092
99637093
99638645
99638646
99639163
99639166
99639605
99639606
99639607
99640629
99640641
99640671
99642690
99642692
99642696
99646641
99646725
99646726
99646727
99646728
99646729
99646730
99646840
99646841
99646842
99646844
99646845
99646847
99646850
99646857
99646858
99646866
99646913
99646924
99646934
99646962
99646965
99647010
99649087
99650449
99650558
99650561
99650563
99650826
99652663
99652771
99653205
99653210
99653257
99653258
99653677
99653680
99653690
99655043
99656065
99656066
99657092
99657100
99657101
99657103
99657104
99657105
99657118
99657119
99657120
99657122
99657123
99657609
99657613
99657614
99658298
99658725
99659562
99659576
99659577
99659578
99659579
99660209
99660211
99660469
99660471
99660559
99661898
99663267
99663310
99663522
99664469
99665077
99666986
99667201
99667378
99667635
99668001
99668169
99668330
99676923
99676924
99676928
99676931
99676932
99680362
99681232
99682960
99683080
99683090
99683098
99683099
99683102
99683104
99683105
99683117
99683123
99683130
99683131
99683137
99683141
99683145
99683147
99683156
99683183
99683186
99683190
99683194
99683196
99683197
99683202
99683204
99683328
99683329
99684314
99684315
99684570
99684826
99688423
99689115
99689116
99689625
99689631
99691174
99692835
99692965
99693622
99694410
99694417
99695007
99695717
99695728
99695754
99695756
99695758
99695759
99695760
99695773
99695781
99695783
99695789
99695821
99697619
99697621
99697628
99697629
99697630
99697631
99697632
99697634
99697636
99697637
99697638
99697639
99697640
99697641
99697642
99700060
99700772
99700773
99706162
99706168
99706171
99706172
99706173
99706174
99706175
99706208
99706209
99706212
99716859
99716860
99716861
99716862
99716863
99717211
99717217
99717219
99718310
99718312
99718314
99718315
99720198
99720270
99721434
99721435
99721436
99721437
99721438
99721444
99721973
99722872
99723560
99724488
99724740
99724741
99724742
99724743
99724744
99724747
99724964
99724965
99724966
99724967
99724968
99724969
99724970
99724971
99724972
99725098
99725099
99725620
99725734
99725751
99725757
99728044
99728045
99728046
99728047
99728048
99728051
99728052
99728053
99728054
99728055
99728056
99728057
99728059
99728060
99728061
99728062
99728063
99728064
99728065
99728066
99728067
99728069
99728163
99728165
99728169
99728170
99728276
99728278
99728280
99728292
99728294
99728298
99728332
99728334
99728509
99728510
99728511
99728512
99728514
99728515
99728549
99728569
99728570
99728571
99728572
99728573
99728574
99728575
99728576
99728584
99728586
99728592
99728595
99728596
99728600
99728601
99728602
99728641
99728667
99728668
99728669
99728670
99728672
99728673
99728674
99728675
99728676
99728678
99728679
99728682
99728683
99728684
99728685
99728686
99728688
99728689
99728690
99728691
99728692
99728729
99728730
99728731
99728732
99728733
99728735
99728736
99728737
99728738
99728739
99728741
99728742
99728743
99728744
99728747
99728748
99728749
99728751
99728752
99728753
99728754
99728755
99728756
99728757
99728797
99728798
99728800
99728802
99728803
99728804
99728805
99728806
99728864
99729036
99729041
99729045
99729046
99729184
99729242
99729243
99729244
99729245
99729249
99729250
99729276
99729278
99729284
99729285
99729332
99729344
99729346
99729347
99730158
99731775
99732257
99732258
99732259
99732260
99732261
99732264
99732274
99732303
99732505
99732651
99732652
99737476
99737724
99739041
99739042
99739043
99739044
99739045
99739046
99739047
99739860
99739958
99739959
99739960
99739965
99740576
99740580
99740582
99740588
99740599
99740603
99740605
99740609
99740610
99740611
99740612
99740613
99740614
99740627
99740639
99740651
99740657
99740662
99740687
99742315
99742775
99742779
99742783
99742792
99742989
99742991
99743079
99743241
99743342
99743390
99743437
99743438
99743441
99743442
99743443
99743485
99743497
99743498
99743518
99743782
99743783
99743784
99743788
99746743
99746920
99746922
99746926
99747176
99747180
99747183
99747185
99747188
99750007
99750073
99750075
99751206
99752201
99752204
99752435
99752437
99752439
99752441
99752648
99752843
99752844
99752845
99752847
99752848
99752849
99752850
99752851
99752852
99752853
99752854
99752855
99752857
99752858
99752859
99752860
99753671
99753672
99753673
99754371
99754373
99760317
99760320
99760324
99760328
99760331
99760515
99761232
99761306
99761308
99761310
99761768
99762749
99762768
99763243
99763628
99766549
99767456
99767463
99768278
99771577
99771589
99771591
99772594
99772603
99772605
99773201
99774151
99774281
99774286
99774287
99774576
99774577
99774578
99774580
99774585
99774695
99774702
99774712
99774743
99774791
99774857
99776976
99778291
99778302
99788180
99788183
99788343
99790381
99790649
99790653
99790657
99790658
99790659
99790660
99790808
99792586
99792871
99793275
99793320
99793912
99796291
99797909
99797910
99801456
99801458
99801459
99801460
99801461
99802056
99802119
99802185
99802629
99802630
99803461
99803498
99804953
99804956
99804958
99804960
99804962
99804963
99804965
99804967
99804969
99804970
99804972
99804974
99804976
99804978
99804980
99804981
99805926
99808352
99809423
99809502
99809507
99809514
99809516
99809517
99809518
99809519
99809520
99809521
99809522
99809524
99809525
99809526
99809527
99809528
99809529
99809530
99809531
99809535
99809536
99809537
99809538
99809539
99809540
99809541
99809543
99809545
99809547
99809549
99809550
99809552
99809553
99809555
99809556
99809557
99809558
99809559
99809561
99809563
99809569
99809590
99809595
99809596
99809598
99809599
99809600
99809601
99809602
99809603
99809604
99809605
99809606
99809607
99809608
99809609
99809610
99809611
99809612
99809613
99809614
99809631
99809640
99809648
99809667
99809674
99809682
99809687
99809689
99809692
99809696
99809699
99809700
99809702
99809703
99809704
99809705
99809706
99809707
99809708
99809709
99809710
99809711
99809712
99809713
99809714
99809716
99809728
99809729
99809731
99809732
99809733
99809734
99809735
99809736
99810156
99810771
99822436
99827975
99828528
99829346
99829350
99829362
99832037
99840318
99840319
99840320
99840337
99840338
99840339
99840340
99840407
99840410
99840411
99840614
99840616
99840619
99840621
99840622
99840624
99840626
99840627
99840630
99840632
99840633
99840635
99840636
99840637
99840638
99840639
99840641
99840719
99840723
99840725
99840727
99840729
99840731
99840734
99840736
99840738
99840740
99840744
99840749
99840756
99840835
99840836
99840837
99840862
99840863
99840864
99840868
99840869
99840870
99840872
99840893
99840895
99840896
99840897
99840898
99840899
99840936
99840937
99840938
99840939
99840940
99840941
99840942
99840943
99840948
99844228
99857152
99857155
99857223
99857224
99857235
99857237
99857239
99857241
99857242
99857243
99857246
99857247
99857362
99857364
99866302
99873565
99876365
99880481
99880561
99880564
99880566
99880693
99882511
99882534
99882803
99882915
99884549
99884551
99884927
99884930
99884984
99887539
99887550
99892300
99893453
99895072
99901177
99901183
99902487
99902488
99908659
99910920
99911328
99913035
99913046
99913805
99913806
99914773
99914780
99915488
99915640
99916645
99916648
99916650
99916652
99916653
99916655
99916656
99916658
99916706
99916707
99935449
99935451
99935453
99935457
99935458
99935459
99936031
99936353
99940509
99940514
99940516
99942738
99944289
99945547
99952103
99952105
99953412
99953413
99953415
99953416
99953418
99953420
99957090
99957095
99957097
99957099
99957102
99957104
99957106
99957108
99957112
99957258
99957562
99958153
99958154
99960284
99960507
99962168
99962173
99962570
99962584
99971285
99971286
99984913
99985496
99985498
99985690
99993344
99993357
99997132
100002795
100003348
100004110
100004112
100004113
100004114
100004115
100004116
100004117
100004118
100004838
100004847
100004848
100004849
100004875
100004902
100005101
100005195
100005198
100005203
100006207
100006208
100006209
100007686
100007687
100007707
100007708
100007745
100007830
100007831
100009332
100009333
100010385
100010387
100010393
100010401
100010416
100010434
100010440
100012150
100012152
100012154
100012155
100012156
100012157
100012158
100012159
100012160
100012161
100012162
100012163
100012164
100015898
100022205
100022206
100022207
100022208
100026148
100026149
100026150
100026151
100026152
100026153
100026154
100026162
100026163
100027243
100027248
100028643
100031491
100031921
100033352
100033353
100033781
100033914
100034501
100034505
100034980
100034983
100034985
100035938
100036326
100036470
100037005
100037173
100037215
100039804
100039991
100040440
100041346
100041789
100042215
100042216
100042217
100042234
100042235
100042236
100042237
100048627
100050693
100051033
100051043
100051050
100051052
100051058
100051061
100052030
100054129
100054130
100054131
100054146
100054148
100054149
100055167
100055202
100055203
100055212
100063635
100063982
100063984
100064056
100068117
100070691
100070695
100074751
100077372
100077373
100077374
100077375
100079085
100079443
100079618
100079619
100079620
100079621
100079622
100079624
100079625
100079626
100079627
100079628
100079629
100079630
100079631
100079632
100079633
100079634
100079635
100079636
100080148
100081290
100082994
100095073
100097263
100097264
100097265
100097273
100097280
100097285
100097287
100097289
100097291
100097295
100097296
100105299
100105662
100105676
100105702
100113313
100113327
100113444
100113588
100116225
100116226
100118750
100118751
100118752
100118753
100118754
100119050
100123759
100123760
100123761
100130529
100130533
100130567
100131168
100131187
100133121
100133425
100135547
100135879
100135951
100135953
100135958
100135969
100139197
100143193
100143522
100144287
100144557
100144558
100144559
100144560
100150846
100150847
100150848
100150849
100151177
100151181
100151182
100151183
100151184
100151185
100151186
100151187
100151263
100151264
100151268
100151273
100151275
100151276
100151277
100151296
100151344
100151347
100151348
100151350
100151351
100151353
100151354
100151418
100151419
100151420
100151421
100151422
100151428
100151429
100151430
100153083
100153641
100153643
100153787
100156924
100156925
100156926
100156928
100156930
100157167
100162252
100162263
100163078
100163420
100164413
100164420
100164421
100164438
100164439
100164442
100164474
100164475
100164476
100164477
100164506
100164511
100164519
100164520
100164545
100164575
100164577
100164579
100164602
100164610
100164654
100164655
100164656
100164739
100164740
100164741
100164742
100168706
100171192
100171193
100173173
100173275
100174669
100175190
100175191
100175192
100176038
100176074
100176077
100176079
100176080
100176117
100176144
100176152
100176613
100176614
100176615
100176616
100180062
100188072
100188075
100188123
100190473
100193566
100201334
100201336
100201338
100202685
100202733
100206626
100207873
100207874
100211802
100211803
100212981
100212982
100213985
100214012
100215490
100215493
100215494
100215954
100227471
100229399
100229537
100229563
100229964
100229977
100231689
100231690
100231728
100231800
100231806
100231811
100231856
100231869
100231879
100237318
100239103
100241238
100246010
100251542
100251981
100257245
100257262
100258798
100258799
100258800
100258801
100264832
100267308
100267786
100269208
100269796
100270046
100270047
100270049
100270051
100270052
100270053
100278248
100278249
100278250
100278251
100278253
100278254
100278255
100278256
100278257
100278259
100278260
100278261
100278857
100278861
100278862
100278930
100278931
100279115
100279118
100279119
100279124
100279126
100279395
100279397
100279400
100279404
100279406
100285618
100289801
100289802
100289804
100292340
100292341
100293987
100293991
100295514
100295517
100295518
100295520
100299231
100301395
100301860
100301869
100302397
100302401
100302403
100302404
100302459
100302609
100302617
100302687
100302689
100302691
100302698
100302708
100302709
100302710
100302711
100310657
100312089
100313773
100319145
100319146
100319147
100319148
100322946
100325110
100325113
100325115
100325117
100325118
100325121
100325126
100325130
100325131
100325134
100325138
100325139
100325144
100325147
100325164
100325192
100325193
100327762
100327768
100330370
100330372
100333375
100333376
100333377
100333378
100333380
100334531
100334598
100336140
100336220
100339985
100339988
100343188
100343189
100344619
100344883
100346716
100346733
100346742
100346817
100346825
100346882
100346916
100350394
100350973
100352554
100356152
100357451
100360887
100360890
100360891
100360892
100360893
100361211
100361212
100361213
100361214
100361215
100361216
100361217
100361218
100361219
100361765
100361766
100362094
100364503
100364506
100364514
100364515
100366702
100368591
100368599
100368605
100370833
100371185
100371186
100371187
100371188
100371189
100371311
100371312
100371580
100371635
100374747
100376359
100376364
100378602
100378636
100378643
100378667
100378686
100378740
100378759
100378772
100378773
100378775
100378776
100378777
100378784
100378796
100378797
100378798
100378799
100378800
100380402
100380406
100380407
100383095
100388523
100394116
100394117
100402985
100402986
100403461
100403463
100403468
100403470
100403475
100403476
100403478
100405123
100412862
100412863
100412864
100412886
100412887
100412888
100413221
100413223
100413228
100413229
100413230
100413234
100413235
100413240
100413244
100413246
100413249
100413250
100413260
100413261
100417071
100417587
100417654
100421413
100421565
100421694
100421707
100425947
100425948
100425949
100425950
100425951
100425952
100425953
100425954
100425955
100425956
100425986
100427640
100436307
100436313
100436320
100436326
100436331
100436332
100436333
100436334
100436335
100436336
100436337
100436338
100436339
100436340
100436341
100436342
100436343
100436347
100436349
100436350
100436353
100436362
100436375
100436376
100436377
100436378
100436379
100436380
100436381
100436382
100436383
100436384
100436386
100436387
100437296
100437299
100439066
100439324
100440518
100442786
100444272
100445518
100461404
100461410
100461424
100461457
100461460
100461461
100461465
100461483
100462448
100466433
100468094
100468212
100469696
100470011
100471182
100474517
100475073
100475162
100475163
100475165
100475171
100475175
100475176
100475199
100475222
100475226
100475227
100475246
100475247
100475249
100475276
100475284
100475299
100475308
100475311
100475318
100475321
100475322
100475329
100475330
100475343
100475346
100475352
100475354
100475358
100475359
100475360
100475364
100475367
100475369
100475377
100475392
100475393
100475397
100475399
100477436
100477453
100477474
100477478
100482281
100483001
100484122
100484132
100484160
100484164
100484171
100484179
100484186
100484331
100484646
100485308
100485621
100485622
100495550
100497562
100500043
100502055
100508782
100509148
100509181
100518542
100519023
100519140
100519171
100520649
100520650
100520651
100520652
100520662
100520666
100524414
100524415
100526473
100528072
100528084
100528086
100528400
100528401
100528404
100528405
100534276
100534304
100534417
100534418
100534419
100534420
100534421
100534423
100537310
100545284
100548197
100549276
100550769
100558364
100562481
100562482
100563285
100563288
100563292
100563295
100563307
100563333
100565384
100565386
100566683
100566829
100566852
100567063
100567089
100567130
100567794
100567798
100567799
100567893
100569466
100569472
100569500
100573887
100578864
100582126
100582129
100582131
100582132
100582134
100582739
100582740
100583378
100583379
100583381
100583610
100584583
100584584
100589662
100589713
100592680
100592993
100592996
100592999
100593000
100593030
100594342
100594344
100594346
100594348
100594349
100594351
100603407
100603408
100603413
100603505
100603515
100603518
100603519
100603520
100603529
100603539
100603545
100603547
100603549
100603551
100603553
100603555
100603557
100603558
100603559
100603560
100603561
100603562
100603563
100603564
100603569
100603570
100603577
100603585
100607384
100611849
100614298
100617641
100617703
100618077
100618081
100618084
100618089
100620105
100622227
100622455
100626392
100633821
100633831
100634021
100634022
100634023
100634024
100634746
100634748
100634749
100639182
100639184
100639185
100639186
100639189
100639190
100640791
100645940
100646691
100646694
100646696
100648995
100649801
100649802
100649805
100649806
100650822
100650837
100652782
100656000
100660563
100667290
100667662
100678099
100678100
100684301
100684989
100684990
100684991
100685013
100685014
100685039
100687581
100687592
100688040
100688602
100688809
100688866
100695586
100699312
100703038
100704078
100704079
100704422
100705363
100706685
100706742
100707267
100710314
100710316
100712239
100712266
100720399
100721102
100723435
100723437
100726629
100727785
100727786
100728250
100728257
100730425
100730427
100739493
100743687
100747329
100747330
100749534
100749545
100750427
100756570
100760629
100760630
100760631
100760632
100760634
100760786
100760788
100760795
100760804
100760809
100760811
100763478
100764518
100766369
100766370
100766375
100766378
100766386
100766394
100766417
100766511
100766515
100766516
100766519
100766578
100766796
100766797
100766798
100766801
100766802
100766804
100766807
100766809
100766810
100766846
100766854
100766859
100766882
100767394
100767395
100767396
100767399
100767400
100767401
100767404
100767436
100767458
100767546
100767624
100767642
100767699
100767785
100770957
100770958
100770959
100770969
100773129
100776427
100776434
100778744
100778826
100779875
100779876
100779878
100779880
100779882
100779883
100779885
100779887
100780011
100780014
100780019
100780038
100783215
100784467
100784673
100784718
100787218
100789449
100791301
100791302
100792096
100792099
100792103
100801765
100809982
100810982
100811043
100811044
100811045
100811054
100811055
100811248
100811267
100811288
100811292
100811293
100811294
100811487
100811491
100811492
100811493
100811496
100811498
100811513
100811525
100811526
100811545
100811555
100811556
100813982
100814084
100814101
100814104
100814150
100814155
100814288
100814390
100814394
100814396
100814454
100814458
100814461
100814464
100814465
100814466
100814471
100814526
100814887
100814888
100814921
100815084
100815102
100815105
100815112
100815113
100815114
100815125
100815134
100815135
100815138
100815140
100815143
100815147
100815372
100815381
100815386
100815389
