item_id
90286438
90286439
90286441
90286442
90286444
90286446
90286447
90286455
90286457
90286461
90286467
90286470
90286472
90286474
90286475
90286491
90287024
90287160
90287177
90287179
90287310
90287311
90287313
90287315
90287549
90288283
90288284
90288286
90288289
90288291
90288292
90288294
90288296
90288297
90288298
90288301
90288302
90288303
90288305
90288306
90288308
90288310
90288311
90288313
90288314
90288315
90288316
90288335
90288369
90288374
90288376
90288483
90288488
90288489
90288490
90288492
90288493
90288494
90288496
90288497
90288499
90288546
90288547
90288548
90288549
90288551
90288725
90289428
90289738
90289745
90289782
90291337
90291346
90291347
90291348
90297707
90297932
90297933
90297935
90297937
90297939
90297941
90297942
90301744
90303336
90303532
90303653
90303709
90303710
90303711
90303712
90303713
90303717
90303718
90303719
90303720
90303721
90303722
90304070
90304073
90304074
90304075
90304076
90304077
90304078
90304079
90304080
90304082
90304699
90304950
90304953
90304954
90304956
90304958
90304959
90305078
90308304
90308306
90308311
90308325
90308364
90308617
90309098
90309618
90310902
90311039
90311548
90315440
90315473
90316415
90316421
90317630
90317634
90317637
90317639
90317642
90317647
90317649
90317652
90318514
90318515
90318529
90318530
90318531
90318532
90318533
90318806
90318960
90319096
90319141
90319769
90320629
90321344
90321425
90321426
90324064
90324065
90325694
90326113
90328301
90328304
90328312
90328313
90328314
90328315
90328316
90328319
90328323
90328325
90328330
90328340
90328343
90328345
90328346
90328350
90328354
90328355
90331071
90334665
90336421
90336422
90336568
90338595
90342371
90342372
90342386
90343377
90343378
90343965
90344291
90344294
90344449
90344451
90344453
90344573
90344574
90344575
90344576
90344577
90344578
90345416
90345817
90346160
90350194
90350237
90352033
90353268
90356090
90356094
90356095
90356096
90356097
90356098
90356100
90356101
90356102
90356108
90356109
90357080
90357099
90357138
90357156
90357349
90360881
90362890
90365551
90365552
90365577
90365579
90365580
90365581
90366634
90367180
90367672
90367674
90368374
90372899
90373134
90373136
90373153
90373445
90373906
90377267
90377268
90377271
90377272
90377273
90377274
90378063
90378418
90378667
90378673
90379002
90379005
90383054
90383450
90383451
90383453
90383455
90383702
90384316
90384369
90385067
90385668
90389704
90389705
90389816
90390657
90390658
90390758
90394162
90394163
90394164
90394165
90394166
90394167
90394168
90394169
90394171
90394174
90394175
90394176
90394177
90394178
90394180
90394181
90394182
90394184
90394194
90394417
90395699
90396993
90397008
90397077
90398706
90400950
90402041
90402046
90402047
90402487
90403097
90403169
90403754
90404054
90404304
90404743
90404850
90405236
90405237
90406014
90406037
90406041
90407204
90407274
90408472
90408606
90408808
90408809
90409033
90411022
90411023
90411024
90411025
90411026
90411363
90411364
90412277
90413336
90413835
90413902
90413915
90413939
90414004
90417072
90417432
90419724
90419725
90423539
90423541
90423543
90423545
90427162
90427164
90427166
90427169
90429179
90429183
90429204
90429209
90431203
90431953
90431954
90431955
90431956
90431962
90434522
90434523
90434541
90434723
90434813
90434816
90434846
90437007
90437568
90438019
90440134
90444662
90444663
90445588
90446972
90452535
90453314
90455227
90455229
90456733
90461873
90462554
90462556
90462559
90462562
90462566
90462568
90462575
90462585
90462591
90462592
90462594
90462596
90462598
90462600
90462602
90462605
90462607
90462608
90462610
90462612
90462614
90462616
90462618
90462620
90462621
90462624
90462634
90462642
90462644
90462646
90462648
90462650
90462653
90462658
90462659
90462662
90462672
90462682
90462698
90462700
90462701
90462705
90462745
90462746
90462779
90462781
90462782
90462785
90462786
90463292
90463293
90463294
90463295
90464374
90464375
90464425
90464485
90464486
90464487
90464488
90464489
90464490
90464491
90464494
90464495
90464496
90464497
90464498
90464500
90464502
90464548
90464549
90464550
90464789
90464791
90464794
90466066
90467503
90469383
90469387
90469388
90469615
90469633
90469636
90469699
90469861
90469863
90469864
90470132
90472665
90482760
90488050
90489746
90489750
90490395
90490396
90490398
90490399
90490400
90490402
90490568
90490570
90490571
90490573
90490574
90490575
90490577
90490578
90490582
90490594
90490600
90490601
90492374
90494217
90494289
90496726
90496817
90497203
90497204
90497205
90497206
90497208
90497301
90497302
90498694
90499427
90499859
90499923
90499926
90500163
90500164
90500166
90500169
90500171
90500183
90500401
90500501
90500503
90504613
90504617
90504619
90507845
90508644
90508655
90508657
90508658
90508659
90508661
90508665
90508666
90508667
90508668
90508669
90508670
90508672
90508673
90508674
90508675
90508676
90508677
90508681
90508683
90508685
90508687
90508803
90508804
90508812
90508813
90508816
90508817
90508818
90508819
90508820
90508821
90508822
90508823
90508824
90508825
90508826
90509225
90509477
90509485
90509489
90510159
90510840
90512038
90512040
90513124
90513135
90513139
90513142
90513153
90513162
90518915
90520485
90520560
90520575
90520577
90527438
90542566
90542568
90542569
90544028
90545848
90548696
90549776
90549777
90549778
90550056
90550057
90550062
90550083
90550084
90550085
90550368
90551024
90554100
90554272
90555233
90557882
90557883
90563336
90563571
90563647
90563648
90564439
90564442
90564444
90564718
90565069
90565070
90565072
90565580
90565582
90565583
90565639
90567250
90567253
90567328
90568339
90575896
90575897
90577085
90577115
90577552
90577556
90577558
90577559
90577560
90577561
90577934
90578331
90578332
90578333
90579911
90581587
90581588
90581591
90581594
90584979
90586376
90586377
90587169
90587170
90587487
90587500
90587504
90589412
90589827
90589855
90590064
90592332
90592333
90592334
90592335
90592336
90592337
90592338
90592339
90592340
90592341
90592342
90597599
90597615
90606928
90611313
90611553
90611555
90611556
90611819
90612285
90612290
90612291
90612302
90612303
90613423
90618485
90618624
90618626
90618950
90618951
90620104
90622431
90622432
90622433
90622435
90622436
90622437
90622438
90622439
90622440
90622441
90622442
90622444
90622445
90622446
90622450
90622458
90622469
90622605
90622606
90622609
90622611
90622613
90622615
90622617
90622619
90622621
90622624
90623907
90623920
90623967
90624432
90624486
90624615
90624985
90626737
90627714
90627719
90627722
90627725
90627732
90632953
90635474
90635804
90635821
90635833
90635868
90635870
90640611
90643330
90644086
90644090
90644103
90644105
90644109
90644152
90644156
90644160
90644162
90645754
90646349
90646692
90647535
90648260
90648385
90648389
90651681
90651682
90652915
90652921
90653230
90655394
90655395
90655396
90655905
90655906
90664545
90665343
90667295
90677752
90677761
90677775
90677776
90677788
90677803
90677804
90677805
90677806
90677809
90677811
90677812
90678328
90678329
90678331
90678334
90678954
90679480
90679578
90683350
90683351
90683352
90683353
90687370
90688918
90688919
90688920
90690121
90690138
90690471
90690478
90691575
90691579
90693745
90693747
90694776
90696663
90696673
90696675
90696684
90696718
90696760
90696761
90696963
90698067
90698068
90698069
90698070
90698071
90698072
90698073
90698074
90698075
90700557
90700558
90702047
90702062
90702063
90702162
90703547
90704532
90704538
90709775
90709968
90710149
90710170
90710180
90710187
90710190
90710191
90710281
90710416
90710418
90710420
90710423
90710426
90710427
90710429
90710431
90710440
90710453
90710454
90710455
90710456
90710457
90710458
90710459
90710460
90710461
90710462
90710496
90710591
90710893
90710894
90710895
90710896
90710897
90710930
90713369
90713981
90714459
90714463
90715506
90716881
90716882
90719322
90719323
90719324
90719330
90719781
90719829
90719830
90720569
90720571
90720575
90720593
90720602
90720606
90720609
90720612
90722674
90722678
90722686
90722688
90723494
90724327
90727540
90727541
90727542
90727543
90727544
90727647
90727648
90727649
90727650
90727672
90735849
90738519
90741116
90741290
90742300
90742303
90748736
90753354
90756098
90756212
90756213
90756358
90757563
90758415
90762564
90762565
90762568
90762573
90766168
90766169
90766170
90766172
90766310
90766312
90766313
90766314
90766315
90766317
90766319
90766321
90766322
90766324
90766326
90766330
90766332
90766334
90766336
90766422
90766462
90766468
90769805
90771219
90772701
90772797
90772812
90772823
90772825
90772831
90772906
90773467
90774081
90775400
90775403
90776990
90781482
90783540
90783543
90783554
90783566
90784216
90784764
90784772
90784774
90786297
90787829
90791305
90791950
90791951
90791952
90791953
90791954
90791955
90791956
90791957
90791958
90791959
90791960
90791961
90791962
90793752
90795238
90795240
90795244
90795247
90795249
90795254
90795292
90795294
90795296
90795513
90795521
90795534
90795544
90796208
90796209
90796210
90796217
90796228
90796369
90797865
90798154
90798162
90798214
90799213
90799333
90799334
90800257
90803429
90804189
90804382
90804749
90806885
90808476
90808655
90808721
90808724
90810144
90810209
90810220
90810257
90810439
90811712
90812621
90812622
90812625
90812626
90813425
90813876
90813877
90813998
90815215
90815216
90815217
90815218
90816785
90816789
90816791
90816793
90816794
90816795
90816796
90816797
90816798
90816799
90816804
90816805
90816806
90816807
90816808
90816809
90816810
90816811
90816812
90816813
90823321
90823322
90824239
90825972
90826245
90827879
90829121
90829151
90830001
90830021
90831866
90834599
90835794
90836247
90837330
90841927
90843130
90843915
90843916
90843922
90843968
90845992
90845994
90847014
90847034
90847038
90847039
90847049
90847052
90847068
90847072
90847084
90847096
90847124
90848119
90848154
90848155
90848265
90849615
90851695
90851706
90851736
90851738
90851751
90851758
90858143
90858147
90858148
90858151
90858821
90858824
90858826
90859570
90861027
90861031
90861038
90861042
90861047
90863665
90864189
90866039
90866041
90866044
90866047
90866053
90866055
90866057
90866060
90866062
90866064
90866066
90866068
90866073
90866075
90866078
90866093
90866194
90866290
90866293
90866562
90866643
90866644
90866645
90866646
90866647
90866648
90866649
90866651
90866681
90866682
90866683
90866739
90866992
90866993
90866994
90867466
90867523
90867681
90867682
90867683
90867837
90868600
90868920
90869663
90870813
90872114
90872145
90879581
90879585
90879644
90881177
90882883
90883772
90883773
90883774
90883775
90883776
90883777
90883780
90883781
90883782
90883783
90883785
90883786
90883788
90883789
90883790
90883791
90883793
90883794
90883795
90883796
90883798
90883800
90883801
90883802
90883803
90883804
90883805
90883806
90883808
90883812
90883813
90883814
90883815
90883816
90883817
90883820
90883821
90883822
90883823
90883828
90883829
90883833
90883834
90883836
90883838
90883839
90883846
90883847
90883848
90883849
90883857
90883858
90883859
90883860
90883862
90883863
90883866
90883876
90883879
90883884
90883886
90883888
90883961
90883966
90883980
90883990
90884017
90884026
90884072
90884076
90884078
90884080
90884081
90884087
90884099
90884106
90884114
90884115
90884118
90884169
90884187
90884201
90884286
90884288
90884303
90884343
90884344
90884348
90884351
90884381
90884382
90884383
90884384
90884410
90884411
90884413
90884414
90884415
90884416
90884417
90884418
90884419
90884420
90884421
90884422
90884424
90884425
90884426
90884427
90884428
90884429
90884430
90884431
90884432
90884433
90884434
90884435
90884436
90884437
90884438
90884439
90884440
90884441
90884445
90884446
90884447
90884448
90884449
90884450
90884452
90884453
90884454
90884455
90884458
90884459
90884465
90884466
90884467
90884468
90884469
90884470
90884471
90884473
90884474
90884475
90884476
90884477
90884479
90884587
90884588
90884589
90884590
90884591
90884592
90884593
90884598
90884606
90884607
90884610
90884617
90884651
90884676
90884679
90884680
90884702
90884720
90884729
90884733
90884745
90884752
90884757
90884773
90884804
90884805
90884807
90884809
90884812
90884813
90884824
90884827
90884833
90884834
90884838
90884848
90884914
90885031
90885037
90885042
90885104
90885121
90885154
90885163
90885181
90885191
90885198
90885200
90885227
90885236
90885265
90885268
90885272
90885273
90885275
90885282
90885283
90885284
90885285
90885286
90885289
90885291
90885292
90886131
90886132
90886134
90887222
90894136
90894143
90894215
90894258
90894270
90894272
90894317
90894530
90894847
90898696
90898863
90898912
90899029
90899228
90899229
90900661
90901677
90901681
90901686
90901687
90903043
90903799
90903800
90903801
90903803
90911257
90911341
90911904
90911961
90912325
90912409
90913318
90913320
90913854
90913859
90914124
90914130
90914133
90914222
90914226
90914227
90914850
90914852
90914856
90914872
90914880
90914881
90916700
90917480
90917602
90917606
90917612
90917819
90917886
90920657
90922772
90923431
90923554
90923687
90925524
90925526
90927043
90927462
90927604
90927609
90927617
90927619
90927620
90928615
90928620
90928627
90928954
90929336
90931897
90932164
90932169
90932511
90932854
90932855
90932858
90932862
90932864
90932865
90932866
90932867
90932868
90932936
90932937
90932938
90932939
90932940
90932941
90932996
90933180
90933184
90933185
90933186
90933187
90933190
90933193
90933200
90933204
90933208
90933209
90933210
90933211
90933216
90934154
90934441
90935425
90936304
90937576
90939633
90939766
90940283
90948284
90948671
90949781
90949858
90949873
90949879
90950093
90952002
90953561
90954970
90955206
90955209
90955692
90955704
90955710
90955712
90958565
90963954
90969041
90969042
90969086
90969087
90969088
90969092
90969124
90969127
90969129
90969130
90969158
90969159
90969160
90969161
90969162
90970408
90971099
90972301
90972564
90972656
90972725
90975483
90975852
90975853
90975854
90980253
90980336
90980628
90980633
90981057
90981060
90981987
90981989
90981991
90981993
90981995
90981997
90982420
90982915
90983809
90984094
90985902
90985966
90985969
90985997
90985998
90993995
90994684
90996643
90997863
90997866
90999014
90999993
90999997
90999999
91000000
91000001
91000461
91000462
91002309
91002310
91002881
91004435
91004436
91005857
91005858
91006695
91006713
91006920
91006924
91007053
91007055
91007058
91007060
91007740
91008524
91010293
91010294
91010296
91010297
91011170
91012170
91012171
91012794
91013485
91014648
91015690
91015692
91016610
91016690
91016792
91018392
91018524
91020804
91020806
91020811
91020814
91020820
91020821
91022113
91023587
91023589
91023591
91024248
91024249
91024250
91025316
91027597
91028984
91028985
91028986
91028987
91028988
91029035
91029037
91029203
91031536
91031538
91031540
91036574
91036576
91039999
91041093
91042279
91043411
91043412
91044305
91046613
91049910
91053043
91053044
91053047
91053048
91054043
91054229
91054239
91055956
91056400
91056402
91056403
91056578
91056612
91056662
91056835
91056836
91057651
91057652
91057654
91057655
91057656
91057657
91057658
91057659
91057660
91057661
91057662
91057663
91058815
91060504
91064990
91064993
91068427
91068429
91068433
91068434
91068611
91068651
91069885
91069886
91069887
91069888
91069889
91069890
91069891
91069892
91069893
91069894
91070283
91070714
91070715
91070716
91071516
91071569
91071617
91072000
91072018
91072019
91073041
91073464
91073829
91073966
91075555
91076347
91077670
91078393
91078743
91078771
91079016
91079622
91079860
91080507
91081746
91099354
91099360
91099365
91099509
91099519
91099528
91099537
91099596
91099597
91099599
91099600
91099601
91099602
91099604
91099610
91099618
91099626
91099920
91099924
91101257
91101269
91101297
91101313
91101738
91102670
91102705
91102713
91102717
91102733
91102734
91102751
91102752
91102753
91102754
91102755
91102757
91103352
91103469
91107375
91108121
91110199
91114537
91114540
91114541
91115682
91116384
91117550
91118227
91118445
91118446
91118448
91118449
91119442
91120493
91120494
91120497
91120499
91120517
91120518
91120755
91120955
91121357
91121369
91123309
91127529
91130655
91130661
91130667
91130669
91130671
91130673
91131354
91133258
91133266
91134022
91134023
91134428
91135935
91135948
91135960
91135971
91135981
91135997
91136010
91136070
91136071
91136072
91136073
91138679
91138683
91138964
91139203
91145497
91147474
91147478
91147485
91147488
91150063
91150109
91150117
91153116
91155040
91155604
91156653
91156901
91156916
91156947
91159504
91161611
91162309
91163636
91164989
91169569
91171712
91171713
91171714
91172862
91173548
91173575
91174181
91174272
91174273
91175542
91175544
91175545
91177108
91177492
91177493
91178430
91178431
91179666
91179911
91181089
91182571
91182572
91182574
91182575
91182576
91182577
91182578
91183132
91183136
91183138
91183140
91183142
91183144
91183146
91183148
91183843
91184577
91184580
91184603
91184604
91184605
91184852
91184853
91184854
91184855
91184856
91185305
91185937
91186149
91186159
91186160
91188901
91189276
91189363
91189364
91189365
91191831
91191832
91191834
91191872
91191873
91191874
91191875
91191876
91191877
91192591
91192702
91192820
91194852
91195370
91195376
91195377
91195381
91195387
91195388
91195395
91195684
91195685
91195686
91195704
91195705
91197774
91200354
91200359
91200361
91211298
91211299
91211300
91214455
91214457
91214459
91215336
91215339
91215484
91215486
91215488
91215492
91215957
91217869
91217873
91217901
91217924
91217925
91217926
91217928
91217929
91217933
91217934
91217935
91217936
91217937
91217938
91217939
91217941
91217942
91217944
91217945
91217946
91217948
91217951
91217952
91217954
91218018
91218019
91218023
91218033
91218036
91218039
91218041
91218042
91218043
91218044
91218045
91220954
91222305
91223686
91223687
91223689
91223692
91223693
91223694
91223696
91223702
91223703
91223704
91223705
91223706
91223710
91223713
91223714
91223716
91223717
91223718
91223720
91223722
91223724
91223725
91224267
91224273
91224942
91227547
91230444
91230445
91230446
91230612
91230614
91233100
91233829
91234225
91236535
91236686
91236687
91236689
91237838
91237839
91238016
91239843
91240928
91240930
91240931
91242038
91242041
91242575
91242576
91242681
91242740
91242751
91242762
91242768
91242774
91242786
91242814
91242815
91242816
91242823
91242839
91242855
91242943
91242944
91242945
91242946
91242947
91242948
91242949
91242950
91242951
91242952
91242953
91242954
91242958
91242959
91242960
91242963
91242964
91242966
91242967
91245220
91251003
91251042
91251123
91251291
91251338
91251449
91251460
91251717
91251719
91251721
91251762
91251764
91251785
91252222
91252264
91252272
91258361
91258863
91258913
91259912
91259913
91265757
91265762
91266071
91266793
91266795
91270992
91270993
91276469
91278182
91278220
91282044
91282045
91282055
91282094
91282123
91282988
91282990
91282991
91282992
91282993
91282995
91282996
91282997
91282999
91283000
91283001
91283182
91283183
91283187
91284707
91284719
91284927
91284998
91285004
91285012
91285018
91285029
91285216
91285219
91285231
91285243
91285246
91285471
91285473
91285475
91287289
91289436
91289442
91290056
91292271
91292277
91292282
91292294
91292953
91299404
91300189
91300243
91305184
91305185
91305188
91305202
91305204
91305206
91305230
91310551
91310557
91310560
91310563
91310571
91310580
91310583
91311473
91311475
91311847
91311853
91311861
91311868
91311870
91311873
91311881
91311884
91311888
91311895
91311993
91312997
91312998
91312999
91313001
91313002
91313009
91313131
91313194
91313214
91313216
91313346
91313350
91313351
91313353
91313355
91313356
91313682
91314301
91315839
91315844
91315846
91317385
91319480
91319493
91319496
91320619
91321661
91321665
91321670
91321672
91321708
91332154
91332172
91332173
91332174
91332175
91333200
91333203
91336304
91338530
91340829
91340836
91341021
91341023
91353268
91353933
91353944
91357073
91361170
91365479
91370087
91370091
91370094
91372000
91372276
91374067
91375516
91375685
91375687
91375688
91376041
91378499
91379746
91380793
91381428
91381521
91381636
91382248
91383204
91383514
91383524
91383783
91384638
91385853
91387782
91388382
91388587
91388589
91388889
91390128
91390129
91390131
91390133
91390139
91390140
91390141
91390142
91390144
91390154
91390158
91390159
91390163
91390164
91390165
91390172
91390179
91391748
91392565
91392566
91392574
91392575
91392576
91393292
91393296
91393298
91393863
91394060
91394061
91401653
91403196
91404611
91405655
91405656
91409392
91410801
91412849
91415960
91416268
91418224
91418263
91418343
91418384
91418441
91418444
91418950
91419020
91419024
91419026
91419029
91419032
91419035
91419038
91419040
91419042
91419048
91419053
91419055
91419056
91419060
91419063
91419066
91419069
91419072
91419075
91419078
91419081
91419089
91419096
91419099
91419102
91419104
91419107
91419111
91419114
91419116
91419118
91419122
91419125
91419128
91419132
91419135
91419138
91419141
91419143
91419146
91419149
91419153
91419156
91419159
91419506
91420768
91421950
91421952
91421953
91422530
91423495
91423496
91423497
91426049
91426508
91426512
91426515
91426517
91426573
91427839
91428748
91430302
91431932
91432024
91432028
91433149
91433251
91434275
91434279
91434704
91435133
91435141
91435154
91435157
91435160
91435169
91435181
91435184
91435257
91435336
91435350
91435386
91435394
91435444
91435445
91435459
91435511
91437758
91438531
91438533
91438534
91438535
91438538
91438540
91438544
91438546
91438547
91438549
91438553
91438562
91438564
91438569
91438571
91438585
91438589
91438595
91438600
91438602
91438604
91438606
91438611
91438613
91438618
91438624
91438627
91438629
91438631
91438633
91438639
91438642
91438647
91438649
91438652
91438654
91438656
91438659
91438661
91438663
91438666
91438668
91438670
91438672
91438675
91438685
91438687
91438689
91438691
91438695
91438697
91438703
91438706
91438713
91438721
91438725
91438727
91438730
91438864
91438866
91438868
91438875
91438876
91438878
91438879
91438880
91438881
91438882
91438886
91438887
91438888
91438891
91438893
91438895
91438899
91438900
91438901
91438903
91438904
91439000
91440878
91442278
91443614
91443615
91443686
91443687
91443688
91443746
91444067
91449562
91449563
91449564
91449603
91449696
91449697
91449699
91449700
91449731
91450263
91450432
91450844
91450856
91450857
91451087
91451089
91451228
91451807
91451810
91451816
91451820
91451822
91451827
91451971
91452779
91453993
91454022
91454466
91454475
91454476
91454477
91454478
91454479
91454491
91454499
91454500
91454501
91454502
91454718
91454719
91456107
91456108
91456109
91456110
91456171
91456174
91456677
91456684
91459849
91459853
91459854
91463648
91464561
91465854
91468082
91468084
91468086
91470916
91471498
91471542
91471558
91473876
91473884
91474736
91474961
91475998
91476000
91476002
91476122
91476314
91476640
91476883
91476884
91476885
91476887
91478969
91478976
91484601
91484891
91485955
91486140
91486441
91486877
91486878
91486879
91486880
91486882
91486883
91486884
91486885
91486886
91486887
91486888
91486889
91486893
91486894
91486966
91487136
91487709
91487719
91487735
91488195
91489270
91491283
91496584
91496587
91496588
91496882
91496883
91496885
91496886
91496887
91498315
91498712
91498713
91498714
91501620
91501630
91501637
91501698
91501704
91501746
91501784
91502167
91502727
91503426
91503578
91503580
91503582
91503584
91503586
91503599
91503602
91503604
91503606
91506151
91507165
91507169
91510684
91513033
91514414
91514415
91514432
91518072
91518478
91522959
91522961
91522964
91522965
91522966
91522967
91522968
91522969
91522971
91522973
91522974
91523208
91523241
91525679
91526310
91527451
91527452
91527455
91527456
91527471
91527472
91527473
91528556
91531458
91531831
91532156
91534202
91534291
91535456
91535457
91536735
91539623
91540386
91542160
91543774
91543779
91543781
91543783
91543785
91543787
91543789
91543790
91543792
91543794
91543796
91543798
91543803
91543809
91543962
91543965
91543969
91543971
91543973
91543975
91543976
91544159
91544160
91544161
91544162
91544163
91544668
91545129
91545792
91545793
91545798
91547129
91547130
91547131
91547132
91547140
91547141
91547142
91550654
91555081
91555082
91555083
91555084
91555085
91555086
91555087
91557284
91557319
91557342
91557346
91557352
91557624
91558772
91558910
91559055
91559056
91560919
91565580
91567772
91567779
91567789
91568352
91568354
91568356
91568358
91568360
91568366
91569902
91572233
91576374
91576376
91576378
91576381
91578920
91578921
91578923
91578924
91579195
91579542
91579554
91579577
91579661
91579670
91579671
91579681
91579708
91579773
91579891
91579917
91579988
91580598
91580602
91581066
91581724
91582652
91582665
91582681
91582687
91582688
91582692
91586238
91586297
91586311
91586352
91586361
91586460
91586525
91588370
91589416
91589467
91589620
91589621
91589623
91589706
91589904
91589906
91589908
91590126
91590127
91591850
91591878
91591886
91591887
91591962
91591965
91592157
91592205
91594481
91594482
91594483
91594484
91594485
91594486
91594487
91595170
91595171
91598157
91598159
91598161
91598163
91598165
91598175
91601129
91601132
91601456
91601464
91601470
91601475
91601481
91601540
91601543
91601545
91601547
91601594
91601595
91601829
91601964
91602726
91604711
91604712
91604714
91605261
91605263
91605264
91605265
91606991
91606993
91608825
91608877
91608880
91608881
91608882
91609239
91609241
91609378
91610507
91616989
91616991
91618556
91618573
91619092
91619097
91619099
91619103
91620200
91620202
91620846
91620847
91622080
91622082
91622084
91622086
91622441
91623372
91623525
91626374
91626375
91626376
91626377
91626378
91626886
91626889
91627412
91627939
91630628
91630634
91632399
91632770
91632772
91632943
91632946
91632956
91632966
91632969
91632970
91632972
91633095
91633098
91633679
91633680
91633683
91633685
91633850
91633851
91633852
91633854
91633980
91633981
91633987
91633988
91634859
91634861
91634887
91634894
91634896
91634897
91634898
91634902
91634909
91634945
91634963
91634967
91634968
91634971
91635219
91635220
91635221
91636125
91636134
91639010
91639338
91639730
91640121
91640123
91640678
91640683
91641131
91642662
91642725
91643121
91644805
91645086
91646479
91648398
91649286
91649287
91650583
91651957
91653490
91653506
91653544
91653560
91653562
91655058
91658855
91659028
91659314
91659315
91661059
91661062
91663153
91663154
91664960
91664992
91665474
91665618
91666105
91666842
91666947
91667848
91667850
91667981
91667982
91669180
91669187
91671551
91673226
91674372
91674376
91674378
91674380
91674382
91674383
91674413
91674727
91680331
91680525
91686133
91686825
91688597
91689620
91694399
91695139
91695154
91695192
91695250
91695254
91695260
91695308
91695325
91696264
91697421
91697502
91699275
91699323
91699325
91703413
91707863
91710116
91710117
91710118
91710119
91710120
91710121
91711600
91711602
91711972
91711974
91711977
91712038
91712040
91717220
91722250
91722254
91724405
91724430
91724438
91724471
91724483
91724486
91724508
91724516
91724544
91724552
91724580
91724614
91724617
91724681
91724715
91724765
91724810
91724816
91724822
91724875
91725087
91725204
91725297
91725321
91725380
91725413
91725423
91726850
91726852
91728481
91728505
91728642
91734061
91734064
91734394
91734405
91734408
91734412
91736854
91737080
91737084
91737768
91737841
91740236
91740240
91740243
91740248
91749778
91754336
91754342
91754422
91754466
91755877
91757067
91758503
91758509
91758514
91758562
91758589
91758607
91758652
91758665
91758713
91758778
91759005
91759437
91759439
91759440
91759447
91759448
91764506
91767257
91774535
91775842
91775844
91775846
91775848
91775850
91775857
91775859
91775861
91775863
91775865
91775869
91775923
91775928
91775932
91782760
91783727
91784329
91784330
91784331
91784332
91784335
91784336
91784338
91787014
91791944
91793452
91796129
91796718
91797565
91799541
91802174
91802175
91803162
91803689
91805025
91805026
91805032
91805033
91805035
91805038
91806278
91819000
91819117
91821267
91826144
91826217
91828444
91828465
91828467
91828470
91828477
91828479
91828487
91828500
91828505
91828506
91828511
91829105
91829111
91829121
91829127
91829129
91831332
91832795
91832877
91832882
91833893
91834134
91834795
91837481
91842618
91842621
91849177
91851336
91858291
91858843
91860974
91860975
91860976
91860977
91860979
91860983
91860984
91874657
91876792
91876803
91876813
91876822
91876824
91876843
91876849
91876854
91878044
91881190
91881315
91883038
91885550
91887350
91887351
91887538
91887542
91887572
91887620
91887624
91887633
91887638
91888176
91891147
91893432
91893448
91893642
91895042
91900578
91900848
91902334
91907199
91908830
91908831
91908832
91908833
91908834
91908835
91908836
91908837
91908838
91908839
91908840
91908841
91908842
91908843
91908844
91908845
91908882
91908884
91908886
91908888
91909070
91909086
91910470
91910749
91910790
91910817
91911737
91911739
91911741
91911742
91911743
91911748
91912169
91919210
91919216
91924351
91924352
91924354
91924356
91924357
91927076
91928452
91931730
91934137
91934743
91934744
91935502
91935507
91935683
91935898
91935900
91935902
91936852
91938222
91938225
91938895
91938896
91938955
91939022
91939845
91940437
91940438
91940440
91942362
91942647
91942830
91942888
91943038
91943040
91943042
91943105
91943108
91943113
91943118
91943150
91944930
91945422
91946758
91946759
91946760
91946846
91946847
91946848
91946849
91946850
91946851
91946852
91946853
91946854
91946855
91946857
91946858
91946861
91946862
91946863
91946864
91946867
91946868
91946877
91946887
91946895
91946913
91946921
91946948
91946949
91946954
91946955
91946956
91946963
91946964
91946965
91946979
91946986
91946988
91946989
91946992
91946994
91946996
91946997
91946999
91947352
91947353
91947356
91947826
91949347
91950359
91951960
91952409
91952420
91954785
91955358
91955766
91955894
91956037
91956058
91956059
91956060
91958240
91959989
91962231
91962270
91962740
91965829
91966030
91966032
91966033
91966034
91971547
91972806
91972807
91974871
91974872
91975072
91976859
91978161
91978768
91984706
91985265
91985266
91986507
91988149
91992571
91993483
91993560
91997401
91997602
91997605
91998010
92002893
92002894
92002895
92002896
92002898
92003026
92003322
92003377
92005254
92005255
92005257
92005791
92005814
92005815
92005817
92005821
92005822
92005823
92005824
92005825
92005826
92005827
92006215
92006219
92006222
92009168
92010682
92012044
92012045
92012047
92012048
92012060
92012062
92012076
92012077
92012236
92012239
92012241
92013127
92013128
92013138
92013139
92013140
92013141
92015568
92015569
92016283
92016426
92018365
92021143
92021881
92022747
92022758
92022768
92022779
92022788
92022795
92023498
92023499
92027104
92027147
92029144
92042170
92042171
92043337
92043339
92043626
92044176
92044271
92044274
92044276
92044335
92044338
92044495
92044498
92044564
92044713
92044714
92044715
92044716
92044921
92045703
92045942
92045943
92045945
92045946
92045948
92046141
92046146
92046417
92046644
92046645
92046646
92048750
92048931
92048932
92049427
92054125
92054138
92054562
92054671
92054852
92054853
92054856
92054857
92054928
92055090
92055093
92055098
92055099
92055345
92055349
92055783
92055822
92055862
92055868
92055869
92057447
92057464
92057466
92057472
92057475
92057477
92057492
92057495
92057544
92057545
92057546
92058316
92058318
92058360
92058606
92061183
92063155
92067251
92067258
92070272
92070273
92074135
92075119
92081201
92081664
92081666
92081672
92082555
92082753
92086841
92086844
92091446
92091479
92094405
92094435
92094436
92094503
92094511
92094520
92094523
92094582
92094974
92094978
92095941
92102619
92104097
92105112
92105294
92105413
92105800
92106700
92107410
92107843
92107957
92108136
92108137
92108372
92108375
92110254
92110333
92113004
92113005
92113006
92113007
92113008
92113312
92113407
92113410
92113411
92114087
92116520
92125260
92125261
92125263
92125266
92125268
92125269
92125272
92127026
92127027
92127028
92127029
92127030
92127031
92127032
92127033
92127034
92127035
92127038
92127039
92127040
92127041
92127042
92127043
92127044
92127045
92127046
92127048
92127061
92127062
92127063
92127064
92127065
92127066
92127067
92127068
92127069
92127070
92127088
92127090
92127091
92127092
92127093
92127094
92127095
92127096
92127097
92127098
92127119
92127121
92127122
92127123
92127124
92127125
92127126
92127127
92127128
92127129
92127146
92127147
92127148
92127149
92127150
92127151
92127152
92127153
92127154
92127173
92127174
92127175
92127177
92127178
92127179
92127180
92127181
92127182
92127208
92127209
92127210
92127211
92127213
92127214
92127215
92127216
92127217
92127235
92127236
92127237
92127238
92127239
92127240
92127241
92127243
92127244
92127260
92127262
92127263
92127264
92127265
92127266
92127267
92127268
92127269
92127280
92127282
92127283
92127284
92127285
92127286
92127287
92127288
92127289
92127324
92127325
92127326
92127327
92127328
92127329
92127330
92127332
92127333
92127336
92127337
92127338
92128299
92129520
92129542
92129546
92129549
92129555
92129562
92129568
92129590
92129610
92130854
92130905
92130906
92130911
92130915
92130917
92130921
92131149
92131151
92131159
92131160
92131162
92131167
92131176
92131177
92131179
92131181
92131182
92131359
92132022
92132023
92132024
92132025
92132053
92132054
92132056
92132306
92133360
92133676
92134328
92134382
92135662
92136986
92137125
92137724
92137725
92138693
92139162
92143486
92143948
92143949
92143969
92144690
92146901
92146949
92146974
92146976
92146983
92147575
92147985
92148005
92148006
92148008
92148038
92148087
92148098
92148106
92148114
92148120
92148129
92148138
92148140
92148164
92148171
92148176
92148183
92148185
92148186
92148187
92148454
92148815
92148816
92148817
92148818
92148819
92148820
92149892
92149923
92149926
92149939
92149940
92149961
92151764
92152189
92152286
92152292
92152304
92152664
92152669
92152700
92152703
92152714
92152722
92152732
92152736
92152790
92152791
92152792
92152793
92153391
92153442
92153693
92153697
92153701
92153708
92153730
92153748
92153757
92153769
92153777
92153778
92153792
92153800
92153820
92153824
92153835
92153854
92154945
92154946
92154947
92154948
92154949
92154951
92154952
92154955
92154961
92155190
92156557
92156620
92158868
92158945
92161180
92162882
92166699
92166702
92167149
92167151
92167198
92167615
92167617
92167619
92167620
92167621
92167623
92167624
92168683
92170084
92170588
92170938
92170946
92171003
92171066
92175305
92176218
92177344
92178111
92179006
92179632
92180834
92180835
92180836
92188166
92188177
92188183
92191074
92191076
92191078
92191080
92191082
92191083
92191085
92191088
92191090
92191097
92191098
92191100
92191101
92191103
92191104
92191105
92191108
92191110
92191111
92191457
92191497
92191498
92191499
92191500
92191501
92191502
92191504
92191514
92191668
92192349
92192990
92193997
92201337
92201571
92201573
92202323
92205789
92205863
92205864
92205865
92205867
92205868
92207902
92211640
92211642
92211727
92211728
92211729
92211730
92211731
92211732
92211733
92211734
92211812
92212328
92218404
92218471
92218472
92218473
92218474
92219839
92220205
92222049
92222050
92222544
92222547
92222549
92222552
92222556
92222557
92222559
92222560
92222565
92222567
92223528
92224252
92224284
92224287
92224291
92224293
92224295
92224299
92224300
92224301
92224302
92224303
92224304
92224305
92224306
92224309
92224312
92224314
92224315
92224318
92224385
92224913
92224915
92224918
92225251
92225317
92225820
92226837
92226838
92226839
92230365
92230367
92230369
92230372
92231913
92231918
92231924
92231931
92231949
92231953
92231957
92231961
92231966
92231974
92231995
92232002
92232388
92232627
92233240
92233258
92235190
92235434
92237194
92237213
92237380
92238046
92241158
92242134
92242170
92242218
92242300
92244072
92245145
92245219
92245231
92247103
92247145
92252743
92252746
92253326
92253327
92253994
92253995
92254009
92254434
92254539
92254598
92257368
92257369
92257674
92257907
92257911
92258207
92262721
92262722
92263796
92264049
92264815
92264859
92265598
92265599
92267522
92267524
92268348
92268438
92268769
92268771
92274273
92274283
92274291
92274292
92274296
92274298
92274301
92274303
92274319
92274333
92274338
92274343
92274345
92274347
92274354
92276045
92276230
92276234
92278233
92278236
92278412
92278428
92279647
92280278
92281168
92281171
92281351
92281504
92281510
92281540
92281655
92283051
92283090
92285030
92286117
92286478
92287129
92287167
92294189
92301149
92302269
92303039
92304142
92308178
92309910
92309966
92310517
92311559
92314991
92314993
92315825
92315826
92316307
92316308
92316310
92320283
92320612
92320617
92320618
92320620
92320622
92321056
92321060
92324983
92324986
92324987
92324988
92324989
92324990
92325046
92325048
92325049
92325050
92325051
92325052
92329342
92329343
92329344
92332779
92332781
92332783
92332789
92332791
92332793
92335445
92343344
92344842
92344869
92344872
92344878
92346161
92346162
92346163
92346421
92350768
92352698
92352699
92352718
92354114
92354118
92354119
92354249
92354250
92355610
92360926
92362573
92362581
92362630
92362642
92362645
92364554
92364555
92364556
92365656
92367967
92367968
92367969
92367970
92367971
92367972
92367973
92367974
92367975
92367976
92367988
92371316
92374005
92374007
92375519
92375522
92375525
92375536
92375543
92375781
92376345
92377790
92379965
92379989
92380548
92383275
92383280
92383287
92383296
92383948
92384658
92384659
92395606
92395607
92397296
92397298
92397337
92397957
92408103
92408339
92409390
92409405
92409406
92409411
92409416
92409425
92409437
92409736
92409781
92409792
92409824
92409969
92409974
92410059
92410061
92411351
92411409
92414944
92414952
92417042
92418188
92418189
92418190
92418191
92418193
92418194
92418195
92418196
92418203
92418244
92418258
92418262
92418270
92418676
92418683
92418696
92418723
92418724
92419516
92419681
92419840
92421096
92425136
92425671
92425677
92425693
92425695
92428392
92428395
92428396
92432845
92432848
92432852
92432857
92433296
92435477
92437863
92438046
92440130
92444358
92444374
92444557
92445226
92445233
92451539
92455259
92458704
92461875
92462202
92462203
92463957
92463959
92463960
92463962
92463963
92463964
92469566
92469567
92469568
92469569
92469571
92469572
92469584
92472668
92472669
92472672
92472673
92472680
92472686
92472687
92472689
92472864
92472865
92473750
92473754
92474165
92474210
92474213
92474228
92474844
92474845
92474848
92475464
92475466
92475467
92475468
92475469
92475470
92475471
92475472
92475473
92475474
92475476
92475477
92475478
92475479
92477574
92480738
92481384
92481653
92481923
92481936
92481945
92481953
92482664
92483626
92483627
92483628
92483630
92483631
92483948
92483951
92483955
92483959
92483964
92485399
92485481
92485489
92486631
92487128
92487134
92491705
92491720
92491760
92492269
92492771
92492772
92492774
92494621
92494720
92494775
