item_id
95555772
95555809
95555816
95555817
95555819
95555821
95555828
95555839
95555844
95555846
95555848
95555849
95555851
95555853
95555856
95555858
95555859
95555861
95555866
95555867
95555886
95555887
95555897
95556288
95556290
95556292
95556956
95558343
95559269
95560117
95560505
95561781
95561783
95561788
95561795
95561797
95561799
95561801
95562591
95563160
95563174
95563232
95563246
95563250
95563264
95563282
95563289
95563329
95564476
95568122
95570216
95570345
95571981
95572061
95572120
95572273
95572478
95572482
95572483
95572490
95572491
95572493
95572494
95572497
95572498
95572499
95572503
95577848
95577849
95577852
95577867
95582239
95583579
95584362
95584407
95584413
95586274
95586282
95586284
95586286
95586296
95586297
95587119
95587120
95587123
95590323
95590339
95590901
95591902
95596076
95596081
95596972
95603627
95604944
95605649
95606201
95607301
95609306
95609307
95609308
95613701
95613706
95613707
95613708
95619587
95619790
95620746
95620847
95622906
95622907
95623284
95627261
95627286
95627287
95627288
95627290
95627292
95627293
95627294
95627295
95627296
95627297
95627299
95627304
95627305
95627306
95627307
95627308
95627309
95629418
95629833
95631120
95633227
95633228
95633568
95633647
95634111
95635510
95635512
95635719
95635729
95635730
95635735
95635737
95638859
95640613
95641715
95642383
95642479
95651081
95651083
95653270
95653272
95654055
95654056
95659631
95661914
95666016
95669213
95669345
95669365
95669367
95669369
95670861
95671433
95675159
95675191
95675192
95675193
95675194
95675197
95676671
95676672
95676681
95676694
95676701
95676724
95676799
95677122
95677143
95677147
95677149
95677191
95677192
95678125
95678317
95678318
95678348
95678829
95682650
95682691
95682854
95682973
95682991
95686704
95687287
95689748
95689750
95689754
95693381
95693817
95694432
95695102
95695103
95695104
95695105
95695108
95695700
95696314
95696318
95696323
95697090
95697091
95697092
95697117
95697467
95697469
95697470
95697472
95697474
95697475
95697476
95697478
95697479
95697480
95697481
95697482
95697483
95697920
95697978
95698024
95698028
95698531
95698790
95698813
95699176
95700061
95700062
95700482
95700488
95701614
95702288
95702385
95706312
95707201
95707212
95709617
95709619
95710467
95710468
95710956
95710960
95711157
95711158
95711159
95711160
95711162
95711163
95711164
95711166
95711167
95711169
95711176
95711181
95711182
95711183
95711184
95711185
95711186
95711187
95711188
95711189
95711194
95711195
95711196
95711197
95711198
95711199
95711201
95711207
95711208
95711209
95711210
95711211
95711212
95711213
95711215
95711216
95711217
95711218
95711220
95711227
95711234
95711241
95711249
95711256
95711264
95711269
95711270
95711271
95711272
95711273
95711274
95711275
95711276
95711277
95711278
95711279
95711280
95711281
95711282
95711283
95711284
95711285
95711286
95711287
95711288
95711289
95711290
95711294
95711310
95711318
95711325
95711331
95711338
95711344
95711349
95711350
95711351
95711352
95711353
95711354
95711356
95711357
95711358
95711359
95711360
95711361
95711362
95714733
95716430
95717389
95717804
95720083
95720875
95721233
95721288
95721289
95721291
95721292
95721293
95721294
95724171
95724283
95724288
95724289
95724297
95724303
95725258
95727175
95727177
95727178
95727239
95728277
95728278
95728279
95728280
95728281
95728282
95728434
95728815
95728842
95728849
95729430
95729431
95729434
95729546
95729548
95729838
95730690
95731139
95731145
95733684
95733685
95733687
95733690
95734492
95736018
95737177
95737179
95737182
95737203
95737444
95738495
95739689
95739952
95739997
95740056
95740057
95740202
95740271
95740272
95740274
95740523
95740524
95740967
95743177
95744113
95745309
95745311
95758967
95760102
95760103
95760104
95760105
95760106
95760110
95760113
95760229
95760358
95760360
95760361
95760496
95765957
95765958
95765959
95766083
95766084
95766085
95768963
95769304
95770046
95770047
95771008
95771009
95771031
95771825
95771826
95772357
95772378
95772402
95772455
95773816
95773899
95774093
95774106
95775283
95775488
95777714
95780678
95781474
95781489
95781492
95781494
95781504
95781510
95781831
95782513
95782879
95786048
95786098
95786366
95786588
95786658
95786957
95795227
95795228
95796314
95796553
95796555
95796557
95796559
95796560
95796562
95796563
95796565
95796567
95796569
95796570
95796571
95796574
95796575
95796577
95796578
95796701
95796704
95796705
95796706
95796707
95796708
95796709
95796710
95796711
95796717
95796718
95796720
95796745
95796911
95796914
95796920
95796925
95796931
95797269
95797328
95800367
95801114
95801159
95801175
95801222
95801256
95801285
95801361
95802184
95803479
95803823
95805453
95805456
95806175
95806956
95808539
95808663
95808670
95808837
95808838
95809654
95809840
95809841
95809873
95809876
95809878
95809882
95809913
95810788
95810806
95810808
95812103
95812107
95812109
95812110
95812111
95812112
95812113
95812114
95812115
95812117
95812118
95812119
95812120
95812121
95812122
95812396
95812727
95814170
95814249
95814250
95815375
95816082
95818160
95818162
95818172
95818174
95818465
95819482
95821645
95827783
95827789
95827796
95827797
95827798
95827800
95827804
95830400
95833153
95833985
95833988
95834473
95834756
95835043
95835904
95836484
95840154
95840156
95840157
95840158
95840159
95840161
95840259
95840262
95841060
95841252
95841258
95841261
95841270
95841397
95841427
95844429
95844446
95845048
95845060
95851291
95852989
95852991
95853024
95853027
95853036
95853038
95853042
95853045
95853047
95853048
95853173
95853784
95854711
95855471
95855485
95855486
95855878
95855883
95856345
95856350
95857312
95859929
95864089
95864091
95864092
95864846
95865174
95865709
95867180
95868481
95868562
95868663
95868943
95869381
95869561
95874771
95874891
95875107
95875205
95885685
95885686
95886450
95886451
95888761
95888936
95893191
95895216
95895761
95900932
95901623
95901749
95902148
95902150
95902151
95902154
95904438
95904439
95905446
95905447
95906530
95906643
95907862
95909075
95909625
95911324
95911326
95911328
95911329
95911332
95911546
95911680
95911682
95911683
95911686
95912625
95912996
95912999
95916427
95916447
95916524
95919031
95919033
95919035
95919232
95919244
95919246
95919404
95921382
95925282
95925283
95925284
95925304
95925318
95925319
95925320
95925322
95925590
95925593
95925632
95925747
95925748
95925755
95925774
95925783
95927094
95927416
95928587
95930013
95931116
95931121
95933478
95934975
95935073
95935558
95937430
95939492
95942603
95942636
95942638
95942640
95942641
95942642
95942645
95946582
95946591
95946592
95946593
95947450
95949109
95949889
95950544
95950546
95950547
95951395
95953975
95953980
95953981
95953982
95954757
95954813
95955350
95955351
95955352
95955353
95955354
95955828
95956157
95956205
95956456
95957232
95957304
95957362
95957363
95957371
95957372
95957373
95957826
95959905
95963622
95967249
95967250
95969040
95969096
95969099
95969101
95972903
95973981
95977440
95977560
95981232
95981233
95983352
95983369
95983525
95983617
95983618
95983619
95983692
95983697
95983739
95983750
95983754
95983844
95983950
95983997
95984078
95984107
95984130
95984170
95984172
95984212
95984218
95984226
95984252
95984254
95984314
95984328
95984342
95984347
95984351
95984355
95984363
95984381
95984479
95984485
95984487
95984489
95984490
95984494
95984526
95984535
95984709
95984721
95984722
95984723
95984742
95984744
95984784
95984818
95984886
95984887
95984904
95984906
95984934
95984946
95984948
95984952
95984953
95984990
95985033
95985057
95985243
95985294
95985295
95985298
95985300
95985302
95985304
95985305
95985307
95985308
95985744
95985745
95985785
95985792
95986457
95986473
95986508
95986512
95986576
95986715
95987949
95987975
95987994
95988013
95988088
95988099
95988208
95988340
95988374
95988376
95988377
95988396
95988412
95988472
95990584
95991172
95993396
95994621
95994663
95994714
95994720
95994723
95994724
95994752
95994782
95994791
95994802
95995122
95995834
95995840
95996337
95996367
95996378
95997468
95997469
95997470
95998948
95998963
95999857
96002462
96003001
96005391
96005411
96005416
96005561
96006022
96006326
96006772
96007280
96007281
96007578
96007581
96008065
96008210
96008608
96008609
96008638
96008639
96009690
96011636
96015192
96015204
96017766
96017768
96019927
96021621
96024420
96027834
96031291
96031913
96032575
96034363
96040740
96041384
96041385
96041395
96041397
96042030
96042031
96042258
96042270
96042272
96042778
96048469
96067117
96067140
96067158
96069571
96069572
96069660
96069662
96070077
96070087
96070096
96070097
96070281
96070862
96071321
96071332
96071605
96073440
96073442
96075626
96075667
96075671
96075678
96075758
96076152
96076153
96077121
96077122
96077123
96077124
96077125
96077126
96077354
96077355
96077357
96077870
96080154
96081715
96082160
96082217
96082274
96082793
96083208
96083668
96083669
96083670
96084930
96085246
96086889
96086968
96087936
96088110
96091006
96092157
96092159
96092161
96092169
96093364
96093926
96095047
96099213
96099240
96099241
96099256
96099258
96099268
96099288
96099296
96099756
96099792
96099794
96099798
96099974
96099985
96099999
96100281
96101450
96101701
96102111
96103302
96103576
96104013
96104031
96104859
96104975
96105528
96105530
96105531
96106014
96106761
96106765
96106767
96109777
96109778
96109779
96114783
96114784
96116004
96116005
96116006
96116007
96116010
96116012
96116013
96116015
96116021
96116322
96116323
96116326
96116363
96116365
96116366
96116368
96116370
96116372
96116395
96116420
96116424
96116432
96116433
96116439
96116440
96116441
96116442
96116445
96116448
96116451
96116452
96116454
96116455
96116456
96116459
96116464
96116465
96116468
96116469
96116473
96116482
96116483
96116484
96116485
96116488
96116489
96116491
96116492
96116494
96116495
96116497
96116498
96116500
96116501
96116505
96116506
96116514
96116516
96116517
96116519
96116521
96116522
96116526
96116528
96116532
96116534
96116537
96116539
96116542
96116544
96116548
96116550
96116553
96116556
96116559
96116561
96116564
96116566
96116572
96116574
96116576
96116577
96116579
96116581
96116582
96116584
96116587
96116592
96116598
96116606
96116614
96116620
96116624
96116626
96116637
96116638
96116640
96116641
96116643
96116645
96116646
96116648
96116649
96116650
96116652
96116660
96116664
96116665
96116668
96116676
96116684
96116687
96116688
96116689
96116690
96116691
96116692
96116693
96116694
96116696
96116697
96116698
96116700
96116701
96116702
96116703
96116705
96116706
96116708
96116709
96116710
96116711
96116712
96116713
96116715
96116716
96116717
96116718
96116719
96116720
96116721
96116723
96116724
96116725
96116726
96116729
96116730
96116731
96116732
96116733
96116734
96116736
96116737
96116738
96116739
96116741
96116743
96116744
96116745
96116746
96116747
96116750
96116751
96116752
96116753
96116754
96116755
96116756
96116757
96116758
96116759
96116760
96116761
96116898
96119060
96119061
96119068
96119996
96120604
96125343
96125794
96127551
96130784
96130818
96130987
96131576
96133648
96133649
96135491
96135639
96135702
96135861
96135947
96136727
96136728
96136730
96136731
96137765
96137766
96140555
96140559
96141921
96143131
96143437
96143714
96143718
96144208
96144386
96146739
96147637
96147672
96147673
96148743
96149050
96153190
96155541
96159349
96162550
96163860
96163868
96165616
96166773
96167429
96167599
96167600
96167777
96168079
96168084
96168086
96168240
96171544
96172107
96172672
96173254
96173255
96173256
96173327
96173382
96173383
96173384
96173387
96173400
96173401
96173404
96173448
96173450
96173469
96175337
96179007
96179012
96179624
96179639
96180246
96180271
96180272
96180839
96180890
96184773
96184775
96188998
96189055
96189118
96191170
96193829
96193983
96195846
96197038
96197039
96197040
96197042
96197045
96197046
96197721
96198111
96198228
96198281
96199839
96200176
96200239
96200686
96200687
96200698
96200711
96202829
96204740
96204774
96204830
96204831
96205654
96205662
96205666
96205668
96205673
96205675
96205677
96205700
96205701
96208815
96208830
96209057
96209058
96209059
96209060
96209061
96209062
96209065
96209066
96209067
96209068
96209069
96209070
96209071
96209072
96209073
96210770
96210771
96210772
96210773
96211016
96211017
96211018
96211020
96211480
96211525
96211526
96212832
96213010
96213023
96214283
96214285
96214286
96214288
96214290
96214819
96214845
96214860
96214891
96215217
96215989
96216079
96216128
96222970
96222977
96228905
96229076
96229077
96229078
96229080
96229282
96229283
96229284
96229877
96231826
96234279
96234378
96235500
96235501
96235687
96235688
96235694
96235695
96235697
96235900
96235903
96236587
96236589
96239016
96240217
96241308
96241958
96243759
96244013
96244064
96244066
96244075
96244080
96245356
96245586
96245930
96245939
96245940
96246816
96249137
96250818
96250819
96253253
96253864
96253865
96257319
96257331
96261146
96261927
96262120
96262122
96262716
96263418
96263419
96263420
96263457
96263458
96263459
96263460
96263461
96263572
96265157
96265389
96266367
96266416
96266494
96267102
96267668
96269102
96269118
96269153
96269160
96270009
96270010
96273199
96273513
96275190
96275191
96275193
96275194
96275196
96275198
96275298
96275580
96275581
96275584
96278149
96278150
96280328
96281645
96282000
96282866
96286129
96287500
96287504
96287966
96289025
96290008
96290302
96290468
96291572
96292121
96293016
96293265
96293778
96297324
96297325
96297326
96297327
96297328
96297329
96297330
96297331
96297332
96297333
96297334
96297335
96297336
96297337
96297338
96297339
96297340
96297341
96297342
96297343
96297344
96297345
96297346
96297347
96297348
96297349
96297350
96297351
96297352
96297353
96297354
96297355
96297356
96297357
96297358
96297359
96297360
96297361
96297362
96298750
96298752
96298753
96298754
96298755
96298756
96298757
96298758
96298760
96298761
96298806
96298837
96298838
96298849
96298850
96298851
96298852
96298855
96298885
96298887
96298888
96298889
96298890
96299061
96299062
96299065
96299066
96299183
96299204
96299205
96299213
96299254
96299255
96299256
96299261
96299262
96299266
96299270
96299275
96299331
96299335
96299336
96299337
96299343
96299416
96299418
96299419
96299420
96301564
96301808
96301809
96301811
96301812
96301976
96302109
96304179
96304181
96304183
96304185
96306249
96309937
96309947
96309950
96309954
96309959
96310311
96313436
96313536
96313537
96313691
96313697
96319397
96321279
96321280
96321648
96325577
96325579
96325891
96326286
96327008
96327013
96328325
96328444
96328445
96328446
96328548
96328590
96328592
96328939
96328941
96328951
96329086
96329089
96329094
96329095
96329096
96329103
96329149
96329243
96329323
96329324
96330189
96330217
96330247
96330248
96330249
96330250
96330251
96330252
96330254
96330255
96330373
96330381
96330977
96331476
96332344
96332345
96333351
96333748
96333760
96334751
96336426
96337229
96337231
96338203
96341678
96342029
96342032
96343605
96345323
96346538
96346870
96348234
96348237
96353511
96353576
96353582
96353584
96353602
96356726
96357090
96363206
96363223
96365515
96365517
96366051
96366055
96366305
96366309
96366933
96367549
96367778
96367781
96368915
96369276
96369367
96369527
96372199
96372259
96372260
96376488
96376689
96379436
96383059
96386405
96386451
96386456
96386457
96386458
96386459
96386669
96386675
96386682
96386689
96386693
96386866
96386867
96386870
96386873
96386874
96386877
96386879
96386881
96386882
96386886
96386888
96386895
96386912
96386919
96386921
96387901
96387906
96387951
96387953
96387959
96387962
96388051
96388053
96388055
96388059
96388061
96389592
96389600
96389961
96389970
96389989
96390024
96390194
96390195
96390196
96390197
96390198
96390200
96390209
96390211
96390215
96390216
96390219
96390220
96390221
96390222
96390223
96390224
96390225
96390227
96390230
96390231
96390232
96390235
96390237
96390750
96391416
96392193
96393779
96393789
96395151
96395208
96395209
96395216
96396500
96397010
96397012
96397015
96397017
96397022
96397027
96397780
96398607
96398612
96399626
96399627
96399628
96399629
96399630
96399632
96399633
96400397
96400402
96400412
96400424
96401116
96401718
96402066
96402071
96402397
96402589
96402590
96402591
96402895
96402897
96402923
96406040
96407069
96407127
96407128
96407145
96407490
96408081
96413976
96413983
96413986
96414036
96414042
96414806
96415096
96415185
96416413
96416988
96416990
96416992
96417007
96417607
96418323
96418902
96420903
96422317
96424652
96427692
96427697
96427701
96427702
96427703
96427705
96427706
96427707
96427708
96427710
96427714
96427717
96427718
96427719
96427721
96427724
96427727
96427729
96427730
96427733
96427735
96427737
96427738
96427741
96427743
96427744
96427746
96427747
96427750
96427751
96427754
96427758
96427763
96427765
96427767
96427859
96428146
96428218
96428230
96428234
96428286
96428375
96428377
96428389
96428390
96428397
96428802
96429089
96429114
96429368
96429460
96429463
96429468
96429471
96429837
96430636
96430672
96430675
96430701
96430710
96430719
96431113
96431114
96431116
96431121
96431122
96431123
96431125
96431126
96431289
96435701
96435719
96435723
96435732
96435733
96435738
96435776
96435806
96435884
96435886
96435887
96435888
96435889
96435890
96435892
96435893
96435895
96435896
96435897
96435901
96435902
96435904
96435905
96435906
96435907
96435909
96435912
96435913
96435914
96435916
96435917
96435921
96435923
96435924
96435925
96435926
96435927
96435928
96435929
96435932
96435933
96435936
96435940
96435942
96435943
96436062
96436305
96436828
96436836
96437967
96437968
96438452
96438584
96438585
96438586
96438587
96438588
96438590
96438592
96438593
96438594
96438596
96438599
96438607
96438608
96438611
96438616
96438617
96438618
96438686
96438709
96438713
96438719
96438847
96438875
96439013
96439041
96439065
96439361
96439362
96439434
96439460
96439461
96439463
96439464
96439524
96439569
96439688
96439716
96439761
96439774
96439803
96439828
96439835
96440092
96441716
96442036
96443874
96443883
96447088
96447644
96447645
96449879
96455781
96455782
96455783
96457301
96460774
96461978
96463372
96463765
96463766
96464277
96464279
96466384
96469787
96475104
96475129
96475552
96475554
96475555
96475663
96478510
96478511
96481106
96481181
96481212
96481213
96482247
96482458
96484400
96484544
96484584
96484585
96484671
96485344
96485345
96485347
96485348
96485350
96485354
96485662
96486992
96486993
96487116
96488881
96488882
96488976
96488977
96493379
96493446
96493478
96495598
96495765
96496839
96500363
96501909
96501910
96501911
96501912
96501913
96501993
96509050
96509052
96512216
96512217
96512410
96512718
96512959
96513461
96513462
96513763
96513765
96514174
96514180
96517753
96517754
96518794
96518889
96518890
96518891
96518894
96519179
96519422
96519424
96519427
96519433
96519435
96520101
96520103
96520369
96520659
96520932
96521391
96521399
96522090
96522960
96522961
96527475
96527477
96527478
96527480
96527553
96527854
96528428
96528879
96528882
96529046
96529048
96529049
96531715
96531716
96533111
96533917
96533923
96533926
96533931
96533953
96533963
96533970
96533980
96534263
96534264
96535733
96535812
96535821
96536034
96536560
96536583
96539453
96540030
96540031
96540150
96541045
96541046
96541047
96547492
96547494
96547500
96547501
96547502
96547503
96547504
96547505
96547506
96547507
96547508
96547509
96547512
96547514
96547515
96547516
96547518
96547519
96547520
96547521
96547522
96547524
96547526
96547532
96547533
96547542
96547544
96548139
96549613
96549879
96549880
96549881
96551327
96551490
96552844
96552848
96552852
96552853
96552868
96552870
96552872
96552881
96554437
96554438
96554439
96554446
96554451
96554452
96554453
96554454
96554455
96554456
96554457
96554458
96554459
96554460
96554461
96554462
96554463
96556039
96556040
96556041
96556042
96556043
96556044
96556045
96559444
96559449
96559582
96562024
96563953
96564002
96564912
96564914
96564949
96565136
96565138
96565139
96565140
96565142
96567270
96567272
96567497
96567649
96567706
96567713
96569322
96569360
96569463
96569464
96569584
96571202
96571416
96571421
96571422
96571423
96571425
96571427
96571428
96571582
96572270
96572271
96572272
96572273
96572276
96572277
96572278
96572280
96572445
96572447
96572449
96572451
96572454
96573467
96573469
96573470
96573472
96573473
96573474
96573491
96573492
96573493
96573494
96573501
96573504
96573506
96573507
96573509
96573510
96574127
96574600
96576119
96576122
96576123
96576125
96576127
96580963
96580967
96580969
96580971
96582469
96582752
96584548
96584957
96586023
96586628
96589385
96589387
96589391
96590841
96591313
96591928
96593285
96593286
96593287
96593316
96593317
96593331
96593332
96593333
96593343
96593344
96593345
96593350
96593351
96593362
96593363
96593365
96593374
96593378
96593433
96593434
96593467
96593469
96593483
96593484
96593485
96593487
96593488
96593489
96593532
96593533
96593536
96593537
96593560
96593561
96593589
96593590
96593613
96593614
96596549
96596560
96597367
96597368
96597376
96598106
96598108
96598691
96599791
96599792
96599794
96599982
96599984
96599987
96600090
96600091
96600095
96600223
96600227
96600350
96600352
96600353
96600354
96600488
96600571
96600636
96601257
96601258
96601259
96601260
96601261
96601262
96601263
96601264
96601265
96601581
96601711
96602000
96602475
96602582
96603699
96603700
96603832
96603852
96603853
96603854
96603856
96604789
96605043
96605880
96606566
96606567
96606568
96606569
96606570
96606571
96608166
96608168
96608178
96608186
96608191
96609261
96609262
96609264
96609274
96609275
96611636
96612976
96612978
96613699
96614063
96614065
96614067
96614068
96614678
96614683
96614761
96615873
96616951
96617025
96617026
96618649
96619210
96619211
96620022
96620023
96620079
96620779
96620783
96620791
96620793
96621359
96621898
96622663
96623361
96624773
96624774
96624775
96624776
96624777
96624779
96624780
96624781
96624782
96624785
96624786
96624881
96625501
96625570
96625588
96625650
96625655
96625664
96625665
96625666
96625667
96625668
96625674
96625692
96625695
96625696
96625698
96625700
96625701
96625710
96625714
96625715
96625718
96625719
96625720
96625721
96625723
96625724
96625732
96625742
96625751
96625762
96625771
96625779
96625789
96625805
96625810
96625811
96625812
96625813
96625814
96625817
96625819
96625822
96625825
96625827
96625828
96625829
96625830
96625833
96625835
96625836
96626009
96626010
96626036
96626777
96626778
96626786
96626787
96626788
96626789
96626790
96626791
96626792
96628627
96630180
96630181
96630183
96630184
96630186
96630187
96630407
96630409
96630410
96630414
96630416
96630419
96631339
96631367
96631777
96631971
96631973
96632561
96632568
96632638
96633548
96633549
96633550
96633551
96635228
96635230
96635231
96635232
96635235
96635237
96635239
96635240
96635243
96635247
96635250
96635254
96635255
96635257
96635258
96635276
96635285
96635289
96635291
96635292
96635293
96635297
96635299
96637251
96637258
96637281
96637489
96639068
96639686
96640148
96640149
96640150
96640275
96640278
96640281
96640283
96641237
96641238
96642174
96642175
96643128
96647090
96647472
96647473
96647833
96647880
96648553
96648554
96648722
96648981
96648982
96649338
96649339
96649341
96651209
96651343
96652471
96655321
96655368
96657995
96657997
96657999
96658001
96658003
96658006
96658008
96658363
96658364
96658504
96658505
96658508
96658512
96658513
96658515
96658517
96658637
96659850
96660072
96660073
96661285
96661397
96662554
96663289
96663398
96663406
96663408
96663409
96663410
96663412
96663413
96663415
96663416
96663419
96663420
96663421
96663422
96663423
96663668
96663669
96664060
96664061
96664064
96664066
96664067
96664070
96664072
96664074
96664075
96664077
96664078
96664079
96664081
96664082
96664170
96664171
96664172
96664345
96665072
96665117
96665125
96665157
96665164
96665197
96666203
96666215
96666219
96666220
96666224
96666255
96667877
96668829
96668830
96668832
96668839
96668851
96668854
96668857
96669132
96669361
96669446
96669450
96669451
96670218
96671011
96671555
96671556
96671557
96671558
96671882
96671912
96672302
96672404
96672418
96672431
96672440
96672444
96672447
96672452
96672455
96672457
96672459
96672461
96672463
96672469
96672489
96672532
96672588
96672674
96672684
96672686
96672687
96672688
96672689
96672690
96672691
96672693
96672700
96672701
96672702
96672703
96672705
96672706
96672707
96672708
96672709
96672710
96673353
96673370
96673994
96675060
96675421
96675422
96675423
96675460
96675461
96675550
96676129
96676469
96676470
96677191
96677192
96677193
96677194
96680318
96681266
96681816
96681819
96681823
96681832
96681881
96681882
96681883
96683939
96685124
96685125
96685127
96685128
96685129
96686027
96686159
96686250
96686251
96687578
96687585
96687866
96687959
96689153
96689568
96690354
96691203
96691205
96691206
96691207
96691208
96691210
96691287
96691310
96691356
96693406
96693531
96695605
96695619
96697518
96699444
96699451
96699452
96699457
96699458
96699714
96700005
96700010
96700588
96700674
96702640
96702642
96702644
96702647
96702649
96702651
96702653
96702656
96702658
96702660
96702662
96702664
96702666
96702668
96702866
96702867
96702868
96702869
96702870
96702871
96702872
96702873
96702874
96702875
96702876
96703718
96703721
96706256
96707700
96708056
96708321
96709722
96709724
96713840
96717083
96717084
96717257
96718177
96718338
96719127
96719128
96719672
96719673
96719976
96719977
96719979
96722146
96722151
96722153
96722154
96722313
96723596
96727046
96727347
96728550
96728793
96728794
96728795
96728796
96728906
96729098
96729622
96731185
96731186
96731187
96731189
96731191
96731192
96731193
96731194
96732231
96732241
96732266
96732296
96732585
96732591
96732593
96732597
96732676
96732681
96733153
96733727
96733728
96733731
96733738
96733739
96733742
96733746
96733802
96733803
96733806
96733807
96733808
96733820
96733885
96733886
96733895
96733902
96733904
96733905
96733908
96735095
96735104
96735106
96735109
96735115
96735117
96735119
96735126
96735131
96735133
96735141
96735235
96736102
96736122
96736149
96736430
96736433
96736938
96736942
96736944
96736950
96736955
96736968
96736972
96736983
96736993
96736998
96737007
96737015
96737019
96737021
96737023
96737030
96737033
96737039
96737048
96737053
96737061
96737072
96737074
96737079
96737081
96737083
96737086
96737090
96737096
96737099
96737101
96737108
96737526
96737609
96737610
96737613
96737614
96737620
96737622
96737626
96737877
96737878
96738514
96738522
96738525
96738532
96738554
96738556
96739015
96739020
96739069
96739609
96741081
96741139
96741143
96741179
96741196
96741200
96741201
96741217
96741248
96742110
96742205
96742358
96742367
96747199
96748309
96748310
96748314
96748315
96748316
96748317
96748318
96748319
96748320
96748321
96748322
96748323
96748324
96748325
96748326
96749792
96752692
96752693
96752694
96752695
96752696
96752703
96752705
96752706
96752707
96752708
96752709
96752712
96752713
96752714
96752715
96752716
96752717
96752718
96752719
96752720
96752721
96752722
96752723
96752724
96752725
96752726
96752727
96752731
96752732
96752734
96752735
96753050
96753054
96753055
96753056
96753057
96753085
96753548
96753550
96753554
96753773
96753775
96754179
96754235
96754237
96754238
96754239
96754240
96754241
96754242
96754243
96754244
96754245
96754378
96754380
96754381
96755491
96756034
96756038
96756181
96756240
96756244
96756246
96756247
96756249
96756252
96756253
96756256
96756262
96756264
96756268
96756270
96756274
96756280
96756282
96756285
96756287
96756290
96756462
96756670
96756685
96756688
96756694
96756702
96756708
96756711
96756716
96756718
96756720
96756722
96756724
96756726
96756728
96756737
96756740
96756741
96756743
96756745
96756751
96756752
96757999
96758511
96758800
96759670
96761446
96762007
96762009
96762011
96762233
96762587
96764918
96764924
96765170
96765179
96765409
96765424
96768757
96769598
96770776
96771151
96771152
96771153
96771154
96771291
96771374
96772416
96772420
96772423
96772438
96772441
96772443
96772868
96772880
96773070
96773097
96773099
96773100
96773102
96773401
96773402
96773412
96773424
96773434
96773435
96773437
96773441
96773447
96773454
96773459
96773462
96773467
96773473
96774285
96774296
96774304
96774375
96774379
96774381
96774425
96774921
96775406
96775410
96778031
96778416
96779116
96779117
96779118
96779119
96779120
96779121
96781484
96781485
96781486
96781548
96781625
96784771
96785189
96785192
96785193
96786455
96786966
96786981
96787781
96788039
96788048
96790944
96790945
96790946
96790947
96790949
96791378
96791530
96791718
96791722
96791724
96791725
96791726
96793095
96793100
96793102
96793177
96793196
96793232
96793233
96793234
96794257
96794261
96794271
96794272
96794273
96794274
96795017
96796593
96797543
96801038
96801044
96801073
96801075
96801078
96801080
96801083
96801088
96801826
96801831
96801832
96801858
96801868
96802457
96802504
96803507
96806539
96806782
96806783
96806784
96807114
96807196
96807201
96807203
96807205
96807694
96807695
96807723
96807724
96807727
96807809
96807813
96807868
96807869
96807870
96807872
96807904
96807958
96807960
96807961
96807968
96808264
96808265
96808266
96808924
96808931
96808933
96809541
96811120
96811271
96812101
96812102
96812206
96812207
96812261
96812262
96812271
96812272
96812275
96812276
96812563
96813544
96813547
96814505
96814511
96816104
96816378
96820376
96820377
96820700
96821791
96823017
96823043
96823687
96824133
96824242
96824243
96824579
96824674
96826184
96826185
96826186
96826187
96826188
96826189
96826190
96826192
96826193
96826194
96827138
96827139
96827567
96827890
96827892
96827893
96827897
96828211
96828213
96828223
96828224
96828225
96828346
96828849
96828852
96828968
96829142
96829867
96829869
96829881
96829974
96830133
96830137
96830141
96830144
96830793
96830821
96830823
96830828
96830829
96830831
96830832
96830833
96830834
96831239
96832008
96832324
96833427
96833432
96833435
96833466
96833479
96833499
96833521
96833535
96833562
96833571
96833576
96833578
96833582
96833587
96833589
96833590
96833591
96835658
96837043
96837891
96839751
96839752
96839834
96840414
96840415
96844709
96844766
96847648
96847649
96847677
96849123
96849261
96849327
96851829
96857614
96857642
96857843
96859011
96859777
96860092
96860094
96861220
96864906
96865950
96870543
96870777
96873923
96874012
96874013
96875252
96877333
96877457
96878690
96878844
96878846
96880898
96880899
96881362
96884483
96889272
96889862
96889870
96889872
96889911
96889962
96890271
96890272
96890274
96890739
96890965
96890977
96890979
96890982
96890984
96891063
96893229
96896055
96896091
96896092
96898771
96898773
96898787
96898795
96898800
96898802
96898804
96898841
96898845
96899638
96900205
96900230
96900234
96900236
96900237
96900242
96900244
96900248
96902632
96902633
96902635
96902637
96902638
96902639
96904265
96904278
96904814
96904822
96904841
96904905
96904906
96904909
96904910
96904911
96904912
96904913
96904914
96904933
96904957
96906495
96910044
96910638
96914241
96914242
96914243
96914244
96914245
96914247
96914249
96914250
96914251
96914252
96914253
96914254
96914255
96914256
96914257
96914258
96914259
96915419
96915478
96915530
96915772
96915836
96915844
96915853
96916078
96916181
96916184
96916186
96916190
96916218
96916349
96916427
96916428
96916439
96916446
96916450
96916454
96916488
96916490
96916495
96916498
96916500
96918450
96918452
96918455
96918456
96918457
96919710
96919711
96919713
96919715
96919717
96920019
96920023
96920588
96922159
96922166
96922202
96922208
96922213
96922229
96922266
96922277
96923570
96923608
96924856
96924896
96924912
96924913
96927094
96927107
96927580
96927582
96928034
96929063
96929064
96929065
96929066
96929067
96929068
96929069
96929070
96929076
96929972
96930626
96931693
96931727
96931736
96931781
96931792
96931797
96933406
96933407
96933417
96938557
96938559
96938560
96938566
96938588
96938589
96938590
96938593
96938594
96938595
96938596
96938597
96938598
96938599
96938600
96938604
96938605
96938606
96938608
96938609
96938610
96938611
96938612
96938613
96938614
96938615
96938616
96938617
96941045
96941046
96941047
96941724
96941726
96941727
96941728
96942393
96944100
96944102
96944397
96946102
96947603
96947605
96947606
96948693
96951449
96951474
96955586
96955587
96956010
96956030
96956150
96957301
96960813
96963315
96964003
96964005
96964006
96964007
96964008
96964009
96964010
96964011
96968299
96968302
96968304
96968310
96970296
96971236
96971353
96971386
96971468
96971481
96971487
96971517
96971531
96971535
96971612
96971640
96971658
96971753
96971778
96971793
96971798
96971840
96971875
96971880
96971881
96971943
96971954
96971975
96971987
96972002
96972007
96972017
96972024
96972036
96972053
96972057
96972058
96972068
96975316
96979053
96983319
96983377
96983812
96986067
96986593
96988992
96989161
96989633
96989699
96992634
96992635
96992636
96992637
96992638
96992651
96992655
96992656
96992657
96995383
96995385
96995386
96995828
96996694
97006128
97007036
97007058
97007099
97007850
97007854
97008217
97008973
97010847
97010849
97010856
97011630
97011907
97012018
97012024
97012029
97012038
97012385
97013757
97015349
97015361
97017643
97019121
97021111
97021116
97021130
97021136
97021142
97021161
97021168
97021176
97021188
97021218
97021437
97023718
97023719
97023948
97023949
97026162
97026874
97029172
97029173
97029174
97029175
97029176
97029177
97030136
97030150
97030161
97030169
97030174
97030177
97030181
97030183
97030185
97030187
97030189
97031749
97034699
97034737
97034805
97034814
97034824
97034857
97034882
97034892
97034903
97034986
97038628
97038630
97038634
97038635
97038638
97038643
97038650
97038657
97038662
97038666
97038672
97038673
97038674
97038675
97038677
97039209
97039210
97040471
97040473
97040475
97040476
97040477
97041877
97042219
97042467
97042471
97042551
97042558
97042654
97043661
97046074
97046880
97048246
97049451
97050017
97050022
97050100
97050787
97050864
97050865
97050866
97053353
97053354
97053357
97053358
97053359
97059833
97060084
97062328
97062434
97062436
97063122
97063123
97065123
97065124
97066233
97067970
97067975
97067979
97067980
97067981
97069839
97069853
97069856
97069858
97069860
97069861
97069895
97070281
97070282
97070283
97070284
97070285
97070286
97071079
97072428
97072430
97072431
97074860
97074865
97075826
97075835
97075837
97075893
97075907
97075911
97075916
97075925
97075930
97075961
97075964
97075970
97075983
97077719
97077726
97080453
97080456
97081423
97083482
97083729
97083957
97083964
97083970
97083977
97083992
97084001
97084002
97084005
97084006
97086640
97092245
97092526
97098728
97101032
97101033
97101034
97101035
97101036
97101037
97101038
97101039
97101040
97103675
97106332
97106668
97108989
97108996
97111278
97114711
97114713
97114720
97114721
97116985
97127794
97127795
97127798
97127804
97127810
97127812
97127814
97127815
97127816
97133754
97133757
97139877
97139878
97139879
97147971
97148036
97148470
97148476
97148477
97149605
97149693
97150946
97151586
97151970
97151976
97152246
97152247
97152698
97152699
97153194
97154343
97154344
97154345
97154346
97154347
97154348
97154349
97154350
97154355
97154358
97154359
97154360
97154361
97154362
97154363
97154364
97154367
97154368
97154369
97154370
97154371
97154372
97154373
97154374
97154375
97154376
97154378
97154410
97155433
97155434
97155437
97155440
97156415
97156643
97156646
97156648
97158902
97160571
97161481
97161520
97164086
97164623
97166329
97166581
97167476
97168791
97168994
97170102
97170104
97170661
97170665
97171033
97171063
97171677
97174498
97174745
97174963
97179312
97179313
97179648
97183307
97183308
97183327
97184258
97184394
97184917
97185027
97185078
97186220
97186252
97186256
97189201
97189203
97189312
97189323
97189328
97189373
97189453
97189477
97189503
97189504
97189612
97189639
97189761
97189990
97190247
97190255
97190501
97190734
97190743
97190745
97190747
97190753
97190760
97190825
97190846
97190854
97190859
97190873
97190897
97190899
97191016
97192186
97193772
97193776
97193779
97193780
97194650
97194651
97195861
97196082
97197322
97200765
97200775
97200776
97200968
97201206
97201207
97201208
97201209
97201210
97201211
97201220
97201229
97201245
97201355
97201362
97201364
97201687
97201688
97203216
97203224
97203318
97203378
97204690
97204705
97204728
97204732
97204876
97204881
97205117
97205125
97205139
97205156
97205695
97205697
97205698
97206669
97207016
97207237
97212544
97214793
97216130
97218799
97218806
97218808
97218809
97220696
97220910
97221452
97221468
97221469
97221471
97221474
97221475
97221476
97221478
97221479
97221892
97221893
97221938
97221947
97223059
97224665
97224667
97224678
97225998
97227026
97227036
97227037
97227038
97227039
97227040
97227041
97227046
97227062
97227785
97228274
97228431
97228575
97230718
97230721
97230731
97230732
97230733
97230734
97230735
97230736
97230745
97230746
97230747
97230760
97232169
97232293
97234684
97236284
97240182
97246310
97246311
97246606
97246609
97246653
97247128
97247130
97247131
97247178
97248145
97248192
97249535
97250457
97250646
97251330
97251528
97251534
97252430
97252432
97252434
97252435
97252564
97252618
97252708
97252735
97252857
97253059
97253446
97253517
97253708
97254279
97254505
97254506
97254508
97254512
97254513
97254514
97254523
97254525
97254526
97254532
97254535
97254538
97254539
97254910
97254914
97255915
97257036
97257407
97257410
97257411
97257412
97257415
97257641
97257651
97261033
97261489
97262576
97262578
97262582
97262584
97262590
97262594
97262597
97262614
97262940
97262946
97262951
97262955
97262957
97262958
97262959
97262962
97262964
97262968
97262969
97262970
97262972
97262973
97262975
97262976
97262977
97262982
97262983
97263209
97263281
97263282
97263283
97263405
97263406
97263407
97263408
97263833
97265184
97265192
97269564
97271020
97272838
97272901
97275213
97276758
97277845
97277846
97277847
97277848
97277850
97277851
97277852
97277853
97277854
97277855
97278663
97281091
97281931
97287072
97287073
97287074
97287075
97290479
97300870
97301089
97301100
97301105
97301109
97301116
97301120
97301124
97301128
97301130
97301138
97301142
97301322
97301334
97301361
97301384
97301395
97301406
97301407
97301408
97301410
97301411
97301413
97301461
97301464
97301467
97301471
97301475
97301487
97301494
97301500
97301504
97301510
97301513
97301517
97301519
97301520
97301522
97301525
97301530
97301532
97301540
97301542
97301545
97301554
97301555
97301561
97301563
97301570
97301576
97301580
97301582
97301584
97301592
97301618
97301620
97301624
97301628
97301629
97301633
97301649
97301661
97301663
97301665
97301666
97301667
97301670
97301671
97301672
97301673
97301674
97301702
97301716
97301717
97301719
97301720
97301721
97301722
97301723
97301727
97301733
97301741
97301742
97301817
97302131
97302181
97302199
97302249
97302384
97302425
97302426
97302428
